option = -1
After processing, options have values:
	 iterations holds 1000
	 count_alive holds 1
	 block flag holds 1
	 verbose flag holds 1
	 checker flag holds 0
	 async_comm flag holds 0
	 filename holds [conways_input.pgm]
option = -1
After processing, options have values:
	 iterations holds 1000
	 count_alive holds 1
	 block flag holds 1
	 verbose flag holds 1
	 checker flag holds 0
	 async_comm flag holds 0
	 filename holds [conways_input.pgm]
option = -1
After processing, options have values:
	 iterations holds 1000
	 count_alive holds 1
	 block flag holds 1
	 verbose flag holds 1
	 checker flag holds 0
	 async_comm flag holds 0
	 filename holds [conways_input.pgm]
option = -1
After processing, options have values:
	 iterations holds 1000
	 count_alive holds 1
	 block flag holds 1
	 verbose flag holds 1
	 checker flag holds 0
	 async_comm flag holds 0
	 filename holds [conways_input.pgm]
[ saphire, 0 ] World size = 4
[ saphire, 1 ] World size = 4
[ saphire, 2 ] World size = 4
[ saphire, 3 ] World size = 4
[ -1:000] pgm:readpgm    : Opening file conways_input.pgm
[ -1:000] pgm:readpgm    : Hosting data for x:000-900 y:675-900
[ -1:000] pgm:readpgm    : Hosting data for x:000-900 y:450-675
[ -1:001] pgm:readpgm    : conways_input.pgm: P5 900 900 255
[ -1:002] pgm:readpgm    : Hosting data for x:000-900 y:000-225
[ -1:000] pgm:readpgm    : Hosting data for x:000-900 y:225-450
[ 1, 0 , 5188 ]
[ 0, 0 , 6216 ]
[ 3, 0 , 5566 ]
[ 2, 0 , 8331 ]
[ 1, 0 , 4610 ]
[ 0, 0 , 4878 ]
[ 3, 0 , 4517 ]
[ 2, 0 , 6434 ]
[ 1, 1 , 5185 ]
[ 0, 1 , 5855 ]
[ 3, 1 , 5365 ]
[ 2, 1 , 7920 ]
[ 1, 2 , 5288 ]
[ 0, 2 , 6070 ]
[ 3, 2 , 5703 ]
[ 2, 2 , 8016 ]
[ 1, 3 , 5491 ]
[ 0, 3 , 6259 ]
[ 3, 3 , 5724 ]
[ 2, 3 , 8192 ]
[ 1, 4 , 5574 ]
[ 0, 4 , 6346 ]
[ 3, 4 , 5830 ]
[ 1, 5 , 5633 ]
[ 0, 5 , 6415 ]
[ 2, 4 , 8329 ]
[ 3, 5 , 5871 ]
[ 1, 6 , 5695 ]
[ 0, 6 , 6442 ]
[ 2, 5 , 8442 ]
[ 3, 6 , 5924 ]
[ 0, 7 , 6487 ]
[ 1, 7 , 5744 ]
[ 2, 6 , 8510 ]
[ 3, 7 , 5943 ]
[ 0, 8 , 6513 ]
[ 1, 8 , 5813 ]
[ 2, 7 , 8598 ]
[ 3, 8 , 5971 ]
[ 0, 9 , 6539 ]
[ 1, 9 , 5813 ]
[ 2, 8 , 8691 ]
[ 3, 9 , 5966 ]
[ 0, 10 , 6555 ]
[ 1, 10 , 5850 ]
[ 2, 9 , 8727 ]
[ 3, 10 , 5994 ]
[ 0, 11 , 6578 ]
[ 1, 11 , 5872 ]
[ 2, 10 , 8773 ]
[ 3, 11 , 6008 ]
[ 0, 12 , 6578 ]
[ 1, 12 , 5885 ]
[ 2, 11 , 8809 ]
[ 3, 12 , 6018 ]
[ 0, 13 , 6597 ]
[ 1, 13 , 5889 ]
[ 2, 12 , 8832 ]
[ 3, 13 , 6020 ]
[ 0, 14 , 6599 ]
[ 1, 14 , 5909 ]
[ 2, 13 , 8860 ]
[ 0, 15 , 6614 ]
[ 3, 14 , 6035 ]
[ 1, 15 , 5909 ]
[ 2, 14 , 8865 ]
[ 0, 16 , 6614 ]
[ 3, 15 , 6031 ]
[ 1, 16 , 5922 ]
[ 2, 15 , 8891 ]
[ 0, 17 , 6632 ]
[ 3, 16 , 6041 ]
[ 1, 17 , 5923 ]
[ 2, 16 , 8895 ]
[ 0, 18 , 6634 ]
[ 3, 17 , 6040 ]
[ 1, 18 , 5937 ]
[ 2, 17 , 8910 ]
[ 0, 19 , 6644 ]
[ 3, 18 , 6050 ]
[ 1, 19 , 5932 ]
[ 2, 18 , 8913 ]
[ 0, 20 , 6643 ]
[ 3, 19 , 6045 ]
[ 1, 20 , 5938 ]
[ 2, 19 , 8921 ]
[ 0, 21 , 6656 ]
[ 1, 21 , 5934 ]
[ 3, 20 , 6051 ]
[ 2, 20 , 8916 ]
[ 0, 22 , 6657 ]
[ 1, 22 , 5943 ]
[ 3, 21 , 6047 ]
[ 2, 21 , 8932 ]
[ 0, 23 , 6665 ]
[ 1, 23 , 5939 ]
[ 3, 22 , 6057 ]
[ 2, 22 , 8923 ]
[ 0, 24 , 6664 ]
[ 1, 24 , 5945 ]
[ 3, 23 , 6048 ]
[ 2, 23 , 8931 ]
[ 0, 25 , 6676 ]
[ 1, 25 , 5940 ]
[ 3, 24 , 6055 ]
[ 2, 24 , 8925 ]
[ 0, 26 , 6677 ]
[ 1, 26 , 5950 ]
[ 3, 25 , 6048 ]
[ 2, 25 , 8930 ]
[ 0, 27 , 6685 ]
[ 1, 27 , 5946 ]
[ 2, 26 , 8923 ]
[ 3, 26 , 6056 ]
[ 0, 28 , 6684 ]
[ 1, 28 , 5951 ]
[ 2, 27 , 8931 ]
[ 3, 27 , 6049 ]
[ 0, 29 , 6696 ]
[ 1, 29 , 5947 ]
[ 2, 28 , 8924 ]
[ 3, 28 , 6054 ]
[ 0, 30 , 6697 ]
[ 1, 30 , 5957 ]
[ 2, 29 , 8931 ]
[ 3, 29 , 6048 ]
[ 0, 31 , 6704 ]
[ 1, 31 , 5952 ]
[ 2, 30 , 8923 ]
[ 3, 30 , 6058 ]
[ 0, 32 , 6703 ]
[ 1, 32 , 5958 ]
[ 2, 31 , 8932 ]
[ 3, 31 , 6048 ]
[ 0, 33 , 6712 ]
[ 1, 33 , 5954 ]
[ 2, 32 , 8923 ]
[ 1, 34 , 5963 ]
[ 3, 32 , 6055 ]
[ 2, 33 , 8931 ]
[ 0, 34 , 6713 ]
[ 1, 35 , 5959 ]
[ 3, 33 , 6048 ]
[ 2, 34 , 8924 ]
[ 0, 35 , 6718 ]
[ 1, 36 , 5962 ]
[ 3, 34 , 6056 ]
[ 2, 35 , 8929 ]
[ 0, 36 , 6717 ]
[ 1, 37 , 5957 ]
[ 3, 35 , 6049 ]
[ 2, 36 , 8925 ]
[ 0, 37 , 6726 ]
[ 1, 38 , 5964 ]
[ 3, 36 , 6054 ]
[ 2, 37 , 8932 ]
[ 0, 38 , 6727 ]
[ 1, 39 , 5960 ]
[ 3, 37 , 6048 ]
[ 2, 38 , 8921 ]
[ 0, 39 , 6732 ]
[ 1, 40 , 5962 ]
[ 3, 38 , 6058 ]
[ 2, 39 , 8933 ]
[ 0, 40 , 6731 ]
[ 1, 41 , 5958 ]
[ 3, 39 , 6048 ]
[ 2, 40 , 8924 ]
[ 0, 41 , 6740 ]
[ 1, 42 , 5964 ]
[ 2, 41 , 8929 ]
[ 3, 40 , 6055 ]
[ 0, 42 , 6741 ]
[ 1, 43 , 5960 ]
[ 2, 42 , 8925 ]
[ 3, 41 , 6048 ]
[ 0, 43 , 6746 ]
[ 1, 44 , 5962 ]
[ 2, 43 , 8930 ]
[ 3, 42 , 6056 ]
[ 0, 44 , 6745 ]
[ 1, 45 , 5958 ]
[ 2, 44 , 8923 ]
[ 0, 45 , 6754 ]
[ 3, 43 , 6049 ]
[ 1, 46 , 5964 ]
[ 2, 45 , 8933 ]
[ 0, 46 , 6755 ]
[ 3, 44 , 6054 ]
[ 1, 47 , 5960 ]
[ 2, 46 , 8922 ]
[ 0, 47 , 6760 ]
[ 3, 45 , 6048 ]
[ 1, 48 , 5962 ]
[ 2, 47 , 8931 ]
[ 0, 48 , 6759 ]
[ 3, 46 , 6058 ]
[ 2, 48 , 8925 ]
[ 1, 49 , 5958 ]
[ 0, 49 , 6768 ]
[ 3, 47 , 6048 ]
[ 1, 50 , 5964 ]
[ 2, 49 , 8930 ]
[ 0, 50 , 6769 ]
[ 3, 48 , 6055 ]
[ 2, 50 , 8923 ]
[ 1, 51 , 5960 ]
[ 0, 51 , 6774 ]
[ 3, 49 , 6048 ]
[ 2, 51 , 8931 ]
[ 1, 52 , 5962 ]
[ 0, 52 , 6773 ]
[ 3, 50 , 6056 ]
[ 2, 52 , 8924 ]
[ 1, 53 , 5958 ]
[ 0, 53 , 6782 ]
[ 3, 51 , 6049 ]
[ 2, 53 , 8931 ]
[ 1, 54 , 5964 ]
[ 0, 54 , 6783 ]
[ 3, 52 , 6054 ]
[ 2, 54 , 8923 ]
[ 1, 55 , 5960 ]
[ 0, 55 , 6788 ]
[ 3, 53 , 6048 ]
[ 2, 55 , 8932 ]
[ 1, 56 , 5962 ]
[ 0, 56 , 6787 ]
[ 2, 56 , 8923 ]
[ 3, 54 , 6058 ]
[ 0, 57 , 6796 ]
[ 2, 57 , 8931 ]
[ 3, 55 , 6048 ]
[ 1, 57 , 5958 ]
[ 0, 58 , 6797 ]
[ 1, 58 , 5964 ]
[ 0, 59 , 6802 ]
[ 3, 56 , 6055 ]
[ 2, 58 , 8924 ]
[ 1, 59 , 5960 ]
[ 0, 60 , 6801 ]
[ 3, 57 , 6048 ]
[ 2, 59 , 8929 ]
[ 1, 60 , 5962 ]
[ 3, 58 , 6056 ]
[ 0, 61 , 6810 ]
[ 2, 60 , 8925 ]
[ 1, 61 , 5958 ]
[ 0, 62 , 6811 ]
[ 2, 61 , 8932 ]
[ 3, 59 , 6049 ]
[ 0, 63 , 6816 ]
[ 2, 62 , 8921 ]
[ 1, 62 , 5964 ]
[ 3, 60 , 6054 ]
[ 2, 63 , 8933 ]
[ 1, 63 , 5960 ]
[ 0, 64 , 6815 ]
[ 3, 61 , 6048 ]
[ 2, 64 , 8924 ]
[ 1, 64 , 5962 ]
[ 0, 65 , 6824 ]
[ 3, 62 , 6058 ]
[ 1, 65 , 5958 ]
[ 2, 65 , 8929 ]
[ 0, 66 , 6825 ]
[ 3, 63 , 6048 ]
[ 2, 66 , 8925 ]
[ 1, 66 , 5964 ]
[ 0, 67 , 6830 ]
[ 3, 64 , 6055 ]
[ 0, 68 , 6829 ]
[ 1, 67 , 5960 ]
[ 3, 65 , 6048 ]
[ 2, 67 , 8930 ]
[ 1, 68 , 5962 ]
[ 3, 66 , 6056 ]
[ 0, 69 , 6838 ]
[ 1, 69 , 5958 ]
[ 2, 68 , 8923 ]
[ 3, 67 , 6049 ]
[ 0, 70 , 6839 ]
[ 1, 70 , 5964 ]
[ 2, 69 , 8933 ]
[ 3, 68 , 6054 ]
[ 0, 71 , 6844 ]
[ 1, 71 , 5960 ]
[ 3, 69 , 6048 ]
[ 2, 70 , 8922 ]
[ 0, 72 , 6843 ]
[ 1, 72 , 5962 ]
[ 2, 71 , 8931 ]
[ 3, 70 , 6058 ]
[ 0, 73 , 6852 ]
[ 1, 73 , 5958 ]
[ 2, 72 , 8925 ]
[ 0, 74 , 6853 ]
[ 3, 71 , 6048 ]
[ 2, 73 , 8930 ]
[ 1, 74 , 5964 ]
[ 3, 72 , 6055 ]
[ 0, 75 , 6858 ]
[ 2, 74 , 8923 ]
[ 1, 75 , 5960 ]
[ 3, 73 , 6048 ]
[ 0, 76 , 6857 ]
[ 2, 75 , 8931 ]
[ 1, 76 , 5962 ]
[ 3, 74 , 6056 ]
[ 0, 77 , 6866 ]
[ 2, 76 , 8924 ]
[ 1, 77 , 5958 ]
[ 3, 75 , 6049 ]
[ 0, 78 , 6867 ]
[ 2, 77 , 8931 ]
[ 1, 78 , 5964 ]
[ 3, 76 , 6054 ]
[ 0, 79 , 6872 ]
[ 2, 78 , 8923 ]
[ 1, 79 , 5960 ]
[ 3, 77 , 6048 ]
[ 0, 80 , 6871 ]
[ 2, 79 , 8932 ]
[ 1, 80 , 5962 ]
[ 3, 78 , 6058 ]
[ 0, 81 , 6880 ]
[ 2, 80 , 8923 ]
[ 1, 81 , 5958 ]
[ 3, 79 , 6048 ]
[ 0, 82 , 6881 ]
[ 2, 81 , 8931 ]
[ 1, 82 , 5964 ]
[ 3, 80 , 6055 ]
[ 0, 83 , 6886 ]
[ 2, 82 , 8924 ]
[ 1, 83 , 5960 ]
[ 3, 81 , 6048 ]
[ 0, 84 , 6885 ]
[ 1, 84 , 5962 ]
[ 2, 83 , 8929 ]
[ 3, 82 , 6056 ]
[ 0, 85 , 6894 ]
[ 1, 85 , 5958 ]
[ 2, 84 , 8925 ]
[ 3, 83 , 6049 ]
[ 0, 86 , 6895 ]
[ 1, 86 , 5964 ]
[ 2, 85 , 8932 ]
[ 3, 84 , 6054 ]
[ 0, 87 , 6900 ]
[ 1, 87 , 5960 ]
[ 2, 86 , 8921 ]
[ 3, 85 , 6048 ]
[ 0, 88 , 6899 ]
[ 1, 88 , 5962 ]
[ 2, 87 , 8933 ]
[ 3, 86 , 6058 ]
[ 0, 89 , 6908 ]
[ 1, 89 , 5958 ]
[ 2, 88 , 8924 ]
[ 3, 87 , 6048 ]
[ 0, 90 , 6909 ]
[ 1, 90 , 5964 ]
[ 2, 89 , 8929 ]
[ 3, 88 , 6055 ]
[ 0, 91 , 6914 ]
[ 1, 91 , 5960 ]
[ 2, 90 , 8925 ]
[ 3, 89 , 6048 ]
[ 0, 92 , 6913 ]
[ 1, 92 , 5962 ]
[ 2, 91 , 8930 ]
[ 3, 90 , 6056 ]
[ 0, 93 , 6922 ]
[ 1, 93 , 5958 ]
[ 2, 92 , 8923 ]
[ 3, 91 , 6049 ]
[ 0, 94 , 6923 ]
[ 1, 94 , 5964 ]
[ 2, 93 , 8933 ]
[ 3, 92 , 6054 ]
[ 0, 95 , 6928 ]
[ 1, 95 , 5960 ]
[ 3, 93 , 6048 ]
[ 2, 94 , 8922 ]
[ 0, 96 , 6927 ]
[ 1, 96 , 5962 ]
[ 3, 94 , 6058 ]
[ 2, 95 , 8931 ]
[ 0, 97 , 6936 ]
[ 1, 97 , 5958 ]
[ 3, 95 , 6048 ]
[ 2, 96 , 8925 ]
[ 0, 98 , 6937 ]
[ 1, 98 , 5964 ]
[ 3, 96 , 6055 ]
[ 0, 99 , 6942 ]
[ 2, 97 , 8930 ]
[ 1, 99 , 5960 ]
[ 3, 97 , 6048 ]
[ 0, 100 , 6941 ]
[ 2, 98 , 8923 ]
[ 1, 100 , 5962 ]
[ 3, 98 , 6056 ]
[ 0, 101 , 6950 ]
[ 2, 99 , 8931 ]
[ 1, 101 , 5958 ]
[ 0, 102 , 6951 ]
[ 3, 99 , 6049 ]
[ 2, 100 , 8924 ]
[ 1, 102 , 5964 ]
[ 0, 103 , 6956 ]
[ 3, 100 , 6054 ]
[ 2, 101 , 8931 ]
[ 1, 103 , 5960 ]
[ 0, 104 , 6955 ]
[ 3, 101 , 6048 ]
[ 2, 102 , 8923 ]
[ 1, 104 , 5962 ]
[ 0, 105 , 6964 ]
[ 3, 102 , 6058 ]
[ 2, 103 , 8932 ]
[ 1, 105 , 5958 ]
[ 0, 106 , 6965 ]
[ 3, 103 , 6048 ]
[ 2, 104 , 8923 ]
[ 1, 106 , 5964 ]
[ 0, 107 , 6970 ]
[ 3, 104 , 6055 ]
[ 2, 105 , 8931 ]
[ 1, 107 , 5960 ]
[ 0, 108 , 6969 ]
[ 3, 105 , 6048 ]
[ 2, 106 , 8924 ]
[ 1, 108 , 5962 ]
[ 0, 109 , 6977 ]
[ 3, 106 , 6056 ]
[ 2, 107 , 8929 ]
[ 1, 109 , 5958 ]
[ 0, 110 , 6977 ]
[ 3, 107 , 6049 ]
[ 2, 108 , 8925 ]
[ 1, 110 , 5964 ]
[ 0, 111 , 6981 ]
[ 3, 108 , 6054 ]
[ 2, 109 , 8932 ]
[ 1, 111 , 5960 ]
[ 0, 112 , 6979 ]
[ 3, 109 , 6048 ]
[ 2, 110 , 8921 ]
[ 1, 112 , 5962 ]
[ 0, 113 , 6987 ]
[ 3, 110 , 6058 ]
[ 2, 111 , 8933 ]
[ 1, 113 , 5958 ]
[ 0, 114 , 6987 ]
[ 2, 112 , 8924 ]
[ 3, 111 , 6048 ]
[ 1, 114 , 5964 ]
[ 2, 113 , 8929 ]
[ 3, 112 , 6055 ]
[ 0, 115 , 6991 ]
[ 1, 115 , 5960 ]
[ 2, 114 , 8925 ]
[ 3, 113 , 6048 ]
[ 0, 116 , 6989 ]
[ 1, 116 , 5962 ]
[ 3, 114 , 6056 ]
[ 2, 115 , 8930 ]
[ 0, 117 , 6997 ]
[ 1, 117 , 5958 ]
[ 3, 115 , 6049 ]
[ 2, 116 , 8923 ]
[ 0, 118 , 6997 ]
[ 1, 118 , 5964 ]
[ 3, 116 , 6054 ]
[ 2, 117 , 8933 ]
[ 0, 119 , 7001 ]
[ 1, 119 , 5960 ]
[ 3, 117 , 6048 ]
[ 2, 118 , 8922 ]
[ 0, 120 , 6999 ]
[ 1, 120 , 5962 ]
[ 3, 118 , 6058 ]
[ 2, 119 , 8931 ]
[ 0, 121 , 7007 ]
[ 1, 121 , 5958 ]
[ 3, 119 , 6048 ]
[ 0, 122 , 7007 ]
[ 2, 120 , 8925 ]
[ 1, 122 , 5964 ]
[ 3, 120 , 6055 ]
[ 0, 123 , 7011 ]
[ 2, 121 , 8930 ]
[ 1, 123 , 5960 ]
[ 3, 121 , 6048 ]
[ 0, 124 , 7009 ]
[ 2, 122 , 8923 ]
[ 1, 124 , 5962 ]
[ 3, 122 , 6056 ]
[ 0, 125 , 7017 ]
[ 2, 123 , 8931 ]
[ 1, 125 , 5958 ]
[ 3, 123 , 6049 ]
[ 0, 126 , 7017 ]
[ 2, 124 , 8924 ]
[ 1, 126 , 5964 ]
[ 3, 124 , 6054 ]
[ 0, 127 , 7021 ]
[ 2, 125 , 8931 ]
[ 3, 125 , 6048 ]
[ 1, 127 , 5960 ]
[ 0, 128 , 7019 ]
[ 2, 126 , 8923 ]
[ 3, 126 , 6058 ]
[ 0, 129 , 7027 ]
[ 1, 128 , 5962 ]
[ 2, 127 , 8932 ]
[ 3, 127 , 6048 ]
[ 0, 130 , 7027 ]
[ 1, 129 , 5958 ]
[ 2, 128 , 8923 ]
[ 3, 128 , 6055 ]
[ 0, 131 , 7031 ]
[ 1, 130 , 5964 ]
[ 2, 129 , 8931 ]
[ 3, 129 , 6048 ]
[ 0, 132 , 7029 ]
[ 1, 131 , 5960 ]
[ 2, 130 , 8924 ]
[ 3, 130 , 6056 ]
[ 0, 133 , 7037 ]
[ 1, 132 , 5962 ]
[ 2, 131 , 8929 ]
[ 0, 134 , 7037 ]
[ 3, 131 , 6049 ]
[ 1, 133 , 5958 ]
[ 2, 132 , 8925 ]
[ 3, 132 , 6054 ]
[ 0, 135 , 7041 ]
[ 1, 134 , 5964 ]
[ 2, 133 , 8932 ]
[ 0, 136 , 7039 ]
[ 3, 133 , 6048 ]
[ 1, 135 , 5960 ]
[ 2, 134 , 8921 ]
[ 3, 134 , 6058 ]
[ 0, 137 , 7047 ]
[ 1, 136 , 5962 ]
[ 2, 135 , 8933 ]
[ 0, 138 , 7047 ]
[ 3, 135 , 6048 ]
[ 1, 137 , 5958 ]
[ 2, 136 , 8924 ]
[ 3, 136 , 6055 ]
[ 0, 139 , 7051 ]
[ 1, 138 , 5964 ]
[ 2, 137 , 8929 ]
[ 3, 137 , 6048 ]
[ 0, 140 , 7114 ]
[ 1, 139 , 5960 ]
[ 2, 138 , 8925 ]
[ 3, 138 , 6056 ]
[ 0, 141 , 7122 ]
[ 1, 140 , 5962 ]
[ 2, 139 , 8930 ]
[ 3, 139 , 6049 ]
[ 0, 142 , 7122 ]
[ 1, 141 , 5958 ]
[ 2, 140 , 8923 ]
[ 3, 140 , 6054 ]
[ 0, 143 , 7125 ]
[ 1, 142 , 5964 ]
[ 2, 141 , 8933 ]
[ 3, 141 , 6048 ]
[ 0, 144 , 7123 ]
[ 1, 143 , 5960 ]
[ 2, 142 , 8922 ]
[ 3, 142 , 6058 ]
[ 0, 145 , 7129 ]
[ 1, 144 , 5962 ]
[ 2, 143 , 8931 ]
[ 3, 143 , 6048 ]
[ 0, 146 , 7129 ]
[ 1, 145 , 5958 ]
[ 2, 144 , 8925 ]
[ 0, 147 , 7132 ]
[ 3, 144 , 6055 ]
[ 1, 146 , 5964 ]
[ 2, 145 , 8930 ]
[ 0, 148 , 7130 ]
[ 3, 145 , 6048 ]
[ 1, 147 , 5960 ]
[ 2, 146 , 8923 ]
[ 0, 149 , 7137 ]
[ 3, 146 , 6056 ]
[ 1, 148 , 5962 ]
[ 2, 147 , 8931 ]
[ 0, 150 , 7137 ]
[ 3, 147 , 6049 ]
[ 1, 149 , 5958 ]
[ 0, 151 , 7140 ]
[ 2, 148 , 8924 ]
[ 3, 148 , 6054 ]
[ 1, 150 , 5964 ]
[ 0, 152 , 7138 ]
[ 2, 149 , 8931 ]
[ 3, 149 , 6048 ]
[ 1, 151 , 5960 ]
[ 0, 153 , 7145 ]
[ 3, 150 , 6058 ]
[ 2, 150 , 8923 ]
[ 1, 152 , 5962 ]
[ 0, 154 , 7145 ]
[ 3, 151 , 6048 ]
[ 2, 151 , 8932 ]
[ 1, 153 , 5958 ]
[ 0, 155 , 7148 ]
[ 3, 152 , 6055 ]
[ 2, 152 , 8923 ]
[ 1, 154 , 5964 ]
[ 0, 156 , 7146 ]
[ 2, 153 , 8931 ]
[ 3, 153 , 6048 ]
[ 1, 155 , 5960 ]
[ 2, 154 , 8924 ]
[ 0, 157 , 7152 ]
[ 3, 154 , 6056 ]
[ 2, 155 , 8929 ]
[ 0, 158 , 7152 ]
[ 3, 155 , 6049 ]
[ 1, 156 , 5962 ]
[ 2, 156 , 8925 ]
[ 0, 159 , 7154 ]
[ 3, 156 , 6054 ]
[ 1, 157 , 5958 ]
[ 2, 157 , 8932 ]
[ 0, 160 , 7152 ]
[ 3, 157 , 6048 ]
[ 1, 158 , 5964 ]
[ 2, 158 , 8921 ]
[ 0, 161 , 7158 ]
[ 3, 158 , 6058 ]
[ 1, 159 , 5960 ]
[ 0, 162 , 7158 ]
[ 2, 159 , 8933 ]
[ 3, 159 , 6048 ]
[ 1, 160 , 5962 ]
[ 0, 163 , 7160 ]
[ 2, 160 , 8924 ]
[ 3, 160 , 6055 ]
[ 1, 161 , 5958 ]
[ 0, 164 , 7158 ]
[ 3, 161 , 6048 ]
[ 2, 161 , 8929 ]
[ 1, 162 , 5964 ]
[ 0, 165 , 7164 ]
[ 3, 162 , 6056 ]
[ 2, 162 , 8925 ]
[ 1, 163 , 5960 ]
[ 0, 166 , 7164 ]
[ 3, 163 , 6049 ]
[ 2, 163 , 8930 ]
[ 1, 164 , 5962 ]
[ 0, 167 , 7166 ]
[ 3, 164 , 6054 ]
[ 2, 164 , 8923 ]
[ 1, 165 , 5958 ]
[ 0, 168 , 7164 ]
[ 3, 165 , 6048 ]
[ 2, 165 , 8933 ]
[ 1, 166 , 5964 ]
[ 0, 169 , 7170 ]
[ 3, 166 , 6058 ]
[ 2, 166 , 8922 ]
[ 0, 170 , 7170 ]
[ 1, 167 , 5960 ]
[ 3, 167 , 6048 ]
[ 2, 167 , 8931 ]
[ 0, 171 , 7172 ]
[ 1, 168 , 5962 ]
[ 3, 168 , 6055 ]
[ 2, 168 , 8925 ]
[ 0, 172 , 7170 ]
[ 1, 169 , 5958 ]
[ 3, 169 , 6048 ]
[ 2, 169 , 8930 ]
[ 0, 173 , 7176 ]
[ 1, 170 , 5964 ]
[ 3, 170 , 6056 ]
[ 2, 170 , 8923 ]
[ 0, 174 , 7176 ]
[ 1, 171 , 5960 ]
[ 3, 171 , 6049 ]
[ 2, 171 , 8931 ]
[ 0, 175 , 7178 ]
[ 1, 172 , 5962 ]
[ 3, 172 , 6054 ]
[ 2, 172 , 8924 ]
[ 0, 176 , 7176 ]
[ 1, 173 , 5958 ]
[ 3, 173 , 6048 ]
[ 2, 173 , 8931 ]
[ 0, 177 , 7182 ]
[ 1, 174 , 5964 ]
[ 3, 174 , 6058 ]
[ 2, 174 , 8923 ]
[ 0, 178 , 7182 ]
[ 1, 175 , 5960 ]
[ 3, 175 , 6048 ]
[ 2, 175 , 8932 ]
[ 0, 179 , 7184 ]
[ 1, 176 , 5962 ]
[ 3, 176 , 6055 ]
[ 2, 176 , 8923 ]
[ 0, 180 , 7182 ]
[ 1, 177 , 5958 ]
[ 3, 177 , 6048 ]
[ 2, 177 , 8931 ]
[ 0, 181 , 7188 ]
[ 1, 178 , 5964 ]
[ 3, 178 , 6056 ]
[ 0, 182 , 7188 ]
[ 2, 178 , 8924 ]
[ 1, 179 , 5960 ]
[ 3, 179 , 6049 ]
[ 0, 183 , 7190 ]
[ 1, 180 , 5962 ]
[ 2, 179 , 8929 ]
[ 3, 180 , 6054 ]
[ 0, 184 , 7188 ]
[ 1, 181 , 5958 ]
[ 3, 181 , 6048 ]
[ 2, 180 , 8925 ]
[ 0, 185 , 7194 ]
[ 1, 182 , 5964 ]
[ 3, 182 , 6058 ]
[ 2, 181 , 8932 ]
[ 0, 186 , 7194 ]
[ 3, 183 , 6048 ]
[ 1, 183 , 5960 ]
[ 2, 182 , 8921 ]
[ 0, 187 , 7196 ]
[ 3, 184 , 6055 ]
[ 1, 184 , 5962 ]
[ 2, 183 , 8933 ]
[ 0, 188 , 7194 ]
[ 3, 185 , 6048 ]
[ 1, 185 , 5958 ]
[ 2, 184 , 8924 ]
[ 0, 189 , 7200 ]
[ 3, 186 , 6056 ]
[ 1, 186 , 5964 ]
[ 2, 185 , 8929 ]
[ 0, 190 , 7200 ]
[ 3, 187 , 6049 ]
[ 1, 187 , 5960 ]
[ 2, 186 , 8925 ]
[ 0, 191 , 7202 ]
[ 3, 188 , 6054 ]
[ 1, 188 , 5962 ]
[ 2, 187 , 8930 ]
[ 0, 192 , 7200 ]
[ 3, 189 , 6048 ]
[ 1, 189 , 5958 ]
[ 2, 188 , 8923 ]
[ 0, 193 , 7206 ]
[ 3, 190 , 6058 ]
[ 1, 190 , 5964 ]
[ 2, 189 , 8933 ]
[ 0, 194 , 7206 ]
[ 3, 191 , 6048 ]
[ 1, 191 , 5960 ]
[ 2, 190 , 8922 ]
[ 0, 195 , 7208 ]
[ 3, 192 , 6055 ]
[ 1, 192 , 5962 ]
[ 2, 191 , 8931 ]
[ 0, 196 , 7206 ]
[ 3, 193 , 6048 ]
[ 1, 193 , 5958 ]
[ 2, 192 , 8925 ]
[ 0, 197 , 7212 ]
[ 1, 194 , 5964 ]
[ 3, 194 , 6056 ]
[ 2, 193 , 8930 ]
[ 0, 198 , 7212 ]
[ 3, 195 , 6049 ]
[ 1, 195 , 5960 ]
[ 2, 194 , 8923 ]
[ 0, 199 , 7214 ]
[ 3, 196 , 6054 ]
[ 1, 196 , 5962 ]
[ 2, 195 , 8931 ]
[ 0, 200 , 7212 ]
[ 3, 197 , 6048 ]
[ 1, 197 , 5958 ]
[ 2, 196 , 8924 ]
[ 0, 201 , 7218 ]
[ 3, 198 , 6058 ]
[ 1, 198 , 5964 ]
[ 2, 197 , 8931 ]
[ 0, 202 , 7218 ]
[ 3, 199 , 6048 ]
[ 1, 199 , 5960 ]
[ 2, 198 , 8923 ]
[ 0, 203 , 7220 ]
[ 3, 200 , 6055 ]
[ 1, 200 , 5962 ]
[ 2, 199 , 8932 ]
[ 0, 204 , 7218 ]
[ 3, 201 , 6048 ]
[ 2, 200 , 8923 ]
[ 1, 201 , 5958 ]
[ 0, 205 , 7224 ]
[ 3, 202 , 6056 ]
[ 2, 201 , 8931 ]
[ 1, 202 , 5964 ]
[ 0, 206 , 7224 ]
[ 3, 203 , 6049 ]
[ 2, 202 , 8924 ]
[ 1, 203 , 5960 ]
[ 0, 207 , 7226 ]
[ 3, 204 , 6054 ]
[ 2, 203 , 8929 ]
[ 1, 204 , 5962 ]
[ 0, 208 , 7224 ]
[ 3, 205 , 6048 ]
[ 2, 204 , 8925 ]
[ 1, 205 , 5958 ]
[ 0, 209 , 7230 ]
[ 3, 206 , 6058 ]
[ 2, 205 , 8932 ]
[ 1, 206 , 5964 ]
[ 0, 210 , 7230 ]
[ 3, 207 , 6048 ]
[ 2, 206 , 8921 ]
[ 1, 207 , 5960 ]
[ 0, 211 , 7232 ]
[ 3, 208 , 6055 ]
[ 2, 207 , 8933 ]
[ 1, 208 , 5962 ]
[ 0, 212 , 7230 ]
[ 2, 208 , 8924 ]
[ 3, 209 , 6048 ]
[ 1, 209 , 5958 ]
[ 2, 209 , 8929 ]
[ 0, 213 , 7236 ]
[ 1, 210 , 5964 ]
[ 3, 210 , 6056 ]
[ 2, 210 , 8925 ]
[ 0, 214 , 7236 ]
[ 1, 211 , 5960 ]
[ 3, 211 , 6049 ]
[ 2, 211 , 8930 ]
[ 0, 215 , 7238 ]
[ 3, 212 , 6054 ]
[ 1, 212 , 5962 ]
[ 0, 216 , 7236 ]
[ 2, 212 , 8923 ]
[ 3, 213 , 6048 ]
[ 1, 213 , 5958 ]
[ 0, 217 , 7242 ]
[ 3, 214 , 6058 ]
[ 2, 213 , 8933 ]
[ 1, 214 , 5964 ]
[ 0, 218 , 7242 ]
[ 3, 215 , 6048 ]
[ 2, 214 , 8922 ]
[ 1, 215 , 5960 ]
[ 0, 219 , 7244 ]
[ 3, 216 , 6055 ]
[ 2, 215 , 8931 ]
[ 1, 216 , 5962 ]
[ 0, 220 , 7242 ]
[ 3, 217 , 6048 ]
[ 2, 216 , 8925 ]
[ 1, 217 , 5958 ]
[ 0, 221 , 7248 ]
[ 3, 218 , 6056 ]
[ 2, 217 , 8930 ]
[ 1, 218 , 5964 ]
[ 0, 222 , 7248 ]
[ 3, 219 , 6049 ]
[ 2, 218 , 8923 ]
[ 1, 219 , 5960 ]
[ 3, 220 , 6054 ]
[ 0, 223 , 7250 ]
[ 2, 219 , 8931 ]
[ 1, 220 , 5962 ]
[ 3, 221 , 6048 ]
[ 0, 224 , 7248 ]
[ 2, 220 , 8924 ]
[ 1, 221 , 5958 ]
[ 3, 222 , 6058 ]
[ 0, 225 , 7254 ]
[ 2, 221 , 8931 ]
[ 1, 222 , 5964 ]
[ 3, 223 , 6048 ]
[ 0, 226 , 7254 ]
[ 2, 222 , 8923 ]
[ 1, 223 , 5960 ]
[ 3, 224 , 6055 ]
[ 0, 227 , 7256 ]
[ 2, 223 , 8932 ]
[ 1, 224 , 5962 ]
[ 3, 225 , 6048 ]
[ 0, 228 , 7254 ]
[ 1, 225 , 5958 ]
[ 2, 224 , 8923 ]
[ 3, 226 , 6056 ]
[ 0, 229 , 7260 ]
[ 1, 226 , 5964 ]
[ 2, 225 , 8931 ]
[ 3, 227 , 6049 ]
[ 0, 230 , 7260 ]
[ 1, 227 , 5960 ]
[ 2, 226 , 8924 ]
[ 3, 228 , 6054 ]
[ 0, 231 , 7262 ]
[ 1, 228 , 5962 ]
[ 2, 227 , 8929 ]
[ 3, 229 , 6048 ]
[ 0, 232 , 7260 ]
[ 1, 229 , 5958 ]
[ 2, 228 , 8925 ]
[ 3, 230 , 6058 ]
[ 0, 233 , 7266 ]
[ 1, 230 , 5964 ]
[ 2, 229 , 8932 ]
[ 3, 231 , 6048 ]
[ 0, 234 , 7266 ]
[ 3, 232 , 6055 ]
[ 0, 235 , 7268 ]
[ 2, 230 , 8921 ]
[ 1, 231 , 5960 ]
[ 3, 233 , 6048 ]
[ 0, 236 , 7266 ]
[ 2, 231 , 8933 ]
[ 1, 232 , 5962 ]
[ 3, 234 , 6056 ]
[ 0, 237 , 7272 ]
[ 1, 233 , 5958 ]
[ 2, 232 , 8924 ]
[ 0, 238 , 7272 ]
[ 1, 234 , 5964 ]
[ 2, 233 , 8929 ]
[ 3, 235 , 6049 ]
[ 1, 235 , 5960 ]
[ 2, 234 , 8925 ]
[ 3, 236 , 6054 ]
[ 1, 236 , 5962 ]
[ 0, 239 , 7274 ]
[ 2, 235 , 8930 ]
[ 3, 237 , 6048 ]
[ 1, 237 , 5958 ]
[ 0, 240 , 7272 ]
[ 2, 236 , 8923 ]
[ 3, 238 , 6058 ]
[ 1, 238 , 5964 ]
[ 0, 241 , 7278 ]
[ 2, 237 , 8933 ]
[ 3, 239 , 6048 ]
[ 1, 239 , 5960 ]
[ 0, 242 , 7278 ]
[ 2, 238 , 8922 ]
[ 3, 240 , 6055 ]
[ 1, 240 , 5962 ]
[ 0, 243 , 7280 ]
[ 2, 239 , 8931 ]
[ 3, 241 , 6048 ]
[ 1, 241 , 5958 ]
[ 0, 244 , 7278 ]
[ 3, 242 , 6056 ]
[ 2, 240 , 8925 ]
[ 1, 242 , 5964 ]
[ 0, 245 , 7284 ]
[ 3, 243 , 6049 ]
[ 2, 241 , 8930 ]
[ 1, 243 , 5960 ]
[ 0, 246 , 7284 ]
[ 3, 244 , 6054 ]
[ 2, 242 , 8923 ]
[ 1, 244 , 5962 ]
[ 0, 247 , 7286 ]
[ 3, 245 , 6048 ]
[ 2, 243 , 8931 ]
[ 0, 248 , 7284 ]
[ 3, 246 , 6058 ]
[ 2, 244 , 8924 ]
[ 1, 245 , 5958 ]
[ 0, 249 , 7290 ]
[ 3, 247 , 6048 ]
[ 2, 245 , 8931 ]
[ 1, 246 , 5964 ]
[ 0, 250 , 7290 ]
[ 3, 248 , 6055 ]
[ 2, 246 , 8923 ]
[ 1, 247 , 5960 ]
[ 3, 249 , 6048 ]
[ 0, 251 , 7292 ]
[ 2, 247 , 8932 ]
[ 1, 248 , 5962 ]
[ 3, 250 , 6056 ]
[ 0, 252 , 7290 ]
[ 2, 248 , 8923 ]
[ 1, 249 , 5958 ]
[ 3, 251 , 6049 ]
[ 0, 253 , 7296 ]
[ 2, 249 , 8931 ]
[ 1, 250 , 5964 ]
[ 3, 252 , 6054 ]
[ 0, 254 , 7296 ]
[ 2, 250 , 8924 ]
[ 1, 251 , 5960 ]
[ 3, 253 , 6048 ]
[ 0, 255 , 7298 ]
[ 2, 251 , 8929 ]
[ 1, 252 , 5962 ]
[ 3, 254 , 6058 ]
[ 0, 256 , 7296 ]
[ 2, 252 , 8925 ]
[ 1, 253 , 5958 ]
[ 3, 255 , 6048 ]
[ 0, 257 , 7302 ]
[ 2, 253 , 8932 ]
[ 1, 254 , 5964 ]
[ 3, 256 , 6055 ]
[ 0, 258 , 7302 ]
[ 2, 254 , 8921 ]
[ 1, 255 , 5960 ]
[ 3, 257 , 6048 ]
[ 0, 259 , 7304 ]
[ 2, 255 , 8933 ]
[ 1, 256 , 5962 ]
[ 3, 258 , 6056 ]
[ 0, 260 , 7302 ]
[ 2, 256 , 8924 ]
[ 1, 257 , 5958 ]
[ 3, 259 , 6049 ]
[ 2, 257 , 8929 ]
[ 0, 261 , 7308 ]
[ 1, 258 , 5964 ]
[ 3, 260 , 6054 ]
[ 2, 258 , 8925 ]
[ 0, 262 , 7308 ]
[ 1, 259 , 5960 ]
[ 3, 261 , 6048 ]
[ 2, 259 , 8930 ]
[ 0, 263 , 7313 ]
[ 1, 260 , 5962 ]
[ 3, 262 , 6058 ]
[ 2, 260 , 8923 ]
[ 0, 264 , 7310 ]
[ 1, 261 , 5958 ]
[ 3, 263 , 6048 ]
[ 2, 261 , 8933 ]
[ 0, 265 , 7315 ]
[ 1, 262 , 5964 ]
[ 3, 264 , 6055 ]
[ 2, 262 , 8922 ]
[ 0, 266 , 7313 ]
[ 1, 263 , 5960 ]
[ 3, 265 , 6048 ]
[ 2, 263 , 8931 ]
[ 1, 264 , 5962 ]
[ 0, 267 , 7314 ]
[ 3, 266 , 6056 ]
[ 2, 264 , 8925 ]
[ 1, 265 , 5958 ]
[ 0, 268 , 7310 ]
[ 3, 267 , 6049 ]
[ 2, 265 , 8930 ]
[ 1, 266 , 5964 ]
[ 0, 269 , 7315 ]
[ 3, 268 , 6054 ]
[ 2, 266 , 8923 ]
[ 1, 267 , 5960 ]
[ 0, 270 , 7313 ]
[ 3, 269 , 6048 ]
[ 2, 267 , 8931 ]
[ 1, 268 , 5962 ]
[ 0, 271 , 7314 ]
[ 3, 270 , 6058 ]
[ 2, 268 , 8924 ]
[ 1, 269 , 5958 ]
[ 0, 272 , 7310 ]
[ 3, 271 , 6048 ]
[ 2, 269 , 8931 ]
[ 1, 270 , 5964 ]
[ 0, 273 , 7315 ]
[ 3, 272 , 6055 ]
[ 2, 270 , 8923 ]
[ 1, 271 , 5960 ]
[ 0, 274 , 7313 ]
[ 3, 273 , 6048 ]
[ 2, 271 , 8932 ]
[ 1, 272 , 5962 ]
[ 0, 275 , 7314 ]
[ 3, 274 , 6056 ]
[ 2, 272 , 8923 ]
[ 1, 273 , 5958 ]
[ 0, 276 , 7310 ]
[ 3, 275 , 6049 ]
[ 2, 273 , 8931 ]
[ 0, 277 , 7315 ]
[ 1, 274 , 5964 ]
[ 3, 276 , 6054 ]
[ 2, 274 , 8924 ]
[ 1, 275 , 5960 ]
[ 3, 277 , 6048 ]
[ 2, 275 , 8929 ]
[ 0, 278 , 7313 ]
[ 3, 278 , 6058 ]
[ 2, 276 , 8925 ]
[ 1, 276 , 5962 ]
[ 0, 279 , 7314 ]
[ 3, 279 , 6048 ]
[ 2, 277 , 8932 ]
[ 1, 277 , 5958 ]
[ 0, 280 , 7310 ]
[ 3, 280 , 6055 ]
[ 2, 278 , 8921 ]
[ 1, 278 , 5964 ]
[ 0, 281 , 7315 ]
[ 3, 281 , 6048 ]
[ 2, 279 , 8933 ]
[ 1, 279 , 5960 ]
[ 0, 282 , 7313 ]
[ 3, 282 , 6056 ]
[ 2, 280 , 8924 ]
[ 1, 280 , 5962 ]
[ 0, 283 , 7314 ]
[ 3, 283 , 6049 ]
[ 2, 281 , 8929 ]
[ 1, 281 , 5958 ]
[ 0, 284 , 7310 ]
[ 3, 284 , 6054 ]
[ 2, 282 , 8925 ]
[ 1, 282 , 5964 ]
[ 0, 285 , 7315 ]
[ 3, 285 , 6048 ]
[ 2, 283 , 8930 ]
[ 1, 283 , 5960 ]
[ 0, 286 , 7313 ]
[ 3, 286 , 6058 ]
[ 2, 284 , 8923 ]
[ 1, 284 , 5962 ]
[ 0, 287 , 7314 ]
[ 3, 287 , 6048 ]
[ 2, 285 , 8933 ]
[ 1, 285 , 5958 ]
[ 0, 288 , 7310 ]
[ 3, 288 , 6055 ]
[ 2, 286 , 8922 ]
[ 1, 286 , 5964 ]
[ 0, 289 , 7315 ]
[ 3, 289 , 6048 ]
[ 2, 287 , 8931 ]
[ 1, 287 , 5960 ]
[ 0, 290 , 7313 ]
[ 3, 290 , 6056 ]
[ 2, 288 , 8925 ]
[ 1, 288 , 5962 ]
[ 0, 291 , 7314 ]
[ 3, 291 , 6049 ]
[ 1, 289 , 5958 ]
[ 0, 292 , 7310 ]
[ 2, 289 , 8930 ]
[ 3, 292 , 6054 ]
[ 0, 293 , 7315 ]
[ 1, 290 , 5964 ]
[ 2, 290 , 8923 ]
[ 3, 293 , 6048 ]
[ 0, 294 , 7313 ]
[ 1, 291 , 5960 ]
[ 2, 291 , 8931 ]
[ 3, 294 , 6058 ]
[ 0, 295 , 7314 ]
[ 1, 292 , 5962 ]
[ 2, 292 , 8924 ]
[ 3, 295 , 6048 ]
[ 0, 296 , 7310 ]
[ 1, 293 , 5958 ]
[ 3, 296 , 6055 ]
[ 2, 293 , 8931 ]
[ 0, 297 , 7315 ]
[ 1, 294 , 5964 ]
[ 3, 297 , 6048 ]
[ 2, 294 , 8923 ]
[ 0, 298 , 7313 ]
[ 1, 295 , 5960 ]
[ 3, 298 , 6056 ]
[ 2, 295 , 8932 ]
[ 0, 299 , 7314 ]
[ 1, 296 , 5962 ]
[ 3, 299 , 6049 ]
[ 2, 296 , 8923 ]
[ 0, 300 , 7310 ]
[ 1, 297 , 5958 ]
[ 3, 300 , 6054 ]
[ 2, 297 , 8931 ]
[ 0, 301 , 7315 ]
[ 1, 298 , 5964 ]
[ 3, 301 , 6048 ]
[ 2, 298 , 8924 ]
[ 0, 302 , 7313 ]
[ 1, 299 , 5960 ]
[ 3, 302 , 6058 ]
[ 2, 299 , 8929 ]
[ 0, 303 , 7314 ]
[ 1, 300 , 5962 ]
[ 3, 303 , 6048 ]
[ 2, 300 , 8925 ]
[ 0, 304 , 7310 ]
[ 1, 301 , 5958 ]
[ 3, 304 , 6055 ]
[ 2, 301 , 8932 ]
[ 0, 305 , 7315 ]
[ 1, 302 , 5964 ]
[ 3, 305 , 6048 ]
[ 2, 302 , 8921 ]
[ 0, 306 , 7313 ]
[ 1, 303 , 5960 ]
[ 3, 306 , 6056 ]
[ 2, 303 , 8933 ]
[ 0, 307 , 7314 ]
[ 3, 307 , 6049 ]
[ 1, 304 , 5962 ]
[ 2, 304 , 8924 ]
[ 0, 308 , 7310 ]
[ 3, 308 , 6054 ]
[ 1, 305 , 5958 ]
[ 2, 305 , 8929 ]
[ 0, 309 , 7315 ]
[ 3, 309 , 6048 ]
[ 1, 306 , 5964 ]
[ 2, 306 , 8925 ]
[ 0, 310 , 7313 ]
[ 3, 310 , 6058 ]
[ 1, 307 , 5960 ]
[ 2, 307 , 8930 ]
[ 0, 311 , 7314 ]
[ 3, 311 , 6048 ]
[ 1, 308 , 5962 ]
[ 2, 308 , 8923 ]
[ 0, 312 , 7310 ]
[ 3, 312 , 6055 ]
[ 1, 309 , 5958 ]
[ 0, 313 , 7315 ]
[ 2, 309 , 8933 ]
[ 3, 313 , 6048 ]
[ 1, 310 , 5964 ]
[ 0, 314 , 7313 ]
[ 2, 310 , 8922 ]
[ 3, 314 , 6056 ]
[ 1, 311 , 5960 ]
[ 0, 315 , 7314 ]
[ 2, 311 , 8931 ]
[ 3, 315 , 6049 ]
[ 1, 312 , 5962 ]
[ 0, 316 , 7310 ]
[ 2, 312 , 8925 ]
[ 3, 316 , 6054 ]
[ 1, 313 , 5958 ]
[ 0, 317 , 7315 ]
[ 3, 317 , 6048 ]
[ 2, 313 , 8930 ]
[ 1, 314 , 5964 ]
[ 0, 318 , 7313 ]
[ 3, 318 , 6058 ]
[ 2, 314 , 8923 ]
[ 1, 315 , 5960 ]
[ 3, 319 , 6048 ]
[ 2, 315 , 8931 ]
[ 0, 319 , 7314 ]
[ 3, 320 , 6055 ]
[ 2, 316 , 8924 ]
[ 0, 320 , 7310 ]
[ 1, 316 , 5962 ]
[ 3, 321 , 6048 ]
[ 2, 317 , 8931 ]
[ 0, 321 , 7315 ]
[ 1, 317 , 5958 ]
[ 3, 322 , 6056 ]
[ 2, 318 , 8923 ]
[ 0, 322 , 7313 ]
[ 1, 318 , 5964 ]
[ 3, 323 , 6049 ]
[ 2, 319 , 8932 ]
[ 0, 323 , 7314 ]
[ 1, 319 , 5960 ]
[ 3, 324 , 6054 ]
[ 2, 320 , 8923 ]
[ 0, 324 , 7310 ]
[ 1, 320 , 5962 ]
[ 3, 325 , 6048 ]
[ 0, 325 , 7315 ]
[ 2, 321 , 8931 ]
[ 1, 321 , 5958 ]
[ 3, 326 , 6058 ]
[ 2, 322 , 8924 ]
[ 0, 326 , 7313 ]
[ 1, 322 , 5964 ]
[ 3, 327 , 6048 ]
[ 2, 323 , 8929 ]
[ 0, 327 , 7314 ]
[ 1, 323 , 5960 ]
[ 3, 328 , 6055 ]
[ 2, 324 , 8925 ]
[ 0, 328 , 7310 ]
[ 1, 324 , 5962 ]
[ 3, 329 , 6048 ]
[ 2, 325 , 8932 ]
[ 0, 329 , 7315 ]
[ 1, 325 , 5958 ]
[ 3, 330 , 6056 ]
[ 2, 326 , 8921 ]
[ 0, 330 , 7313 ]
[ 1, 326 , 5964 ]
[ 3, 331 , 6049 ]
[ 2, 327 , 8933 ]
[ 0, 331 , 7314 ]
[ 1, 327 , 5960 ]
[ 3, 332 , 6054 ]
[ 0, 332 , 7310 ]
[ 2, 328 , 8924 ]
[ 1, 328 , 5962 ]
[ 3, 333 , 6048 ]
[ 0, 333 , 7315 ]
[ 2, 329 , 8929 ]
[ 1, 329 , 5958 ]
[ 3, 334 , 6058 ]
[ 0, 334 , 7313 ]
[ 2, 330 , 8925 ]
[ 1, 330 , 5964 ]
[ 3, 335 , 6048 ]
[ 0, 335 , 7314 ]
[ 2, 331 , 8930 ]
[ 1, 331 , 5960 ]
[ 3, 336 , 6055 ]
[ 0, 336 , 7310 ]
[ 2, 332 , 8923 ]
[ 1, 332 , 5962 ]
[ 3, 337 , 6048 ]
[ 0, 337 , 7315 ]
[ 2, 333 , 8933 ]
[ 3, 338 , 6056 ]
[ 0, 338 , 7313 ]
[ 1, 333 , 5958 ]
[ 2, 334 , 8922 ]
[ 3, 339 , 6049 ]
[ 0, 339 , 7314 ]
[ 1, 334 , 5964 ]
[ 2, 335 , 8931 ]
[ 3, 340 , 6054 ]
[ 0, 340 , 7310 ]
[ 1, 335 , 5960 ]
[ 3, 341 , 6048 ]
[ 2, 336 , 8925 ]
[ 0, 341 , 7315 ]
[ 1, 336 , 5962 ]
[ 3, 342 , 6058 ]
[ 2, 337 , 8930 ]
[ 0, 342 , 7313 ]
[ 1, 337 , 5958 ]
[ 3, 343 , 6048 ]
[ 2, 338 , 8923 ]
[ 0, 343 , 7314 ]
[ 1, 338 , 5964 ]
[ 3, 344 , 6055 ]
[ 2, 339 , 8931 ]
[ 0, 344 , 7310 ]
[ 1, 339 , 5960 ]
[ 3, 345 , 6048 ]
[ 2, 340 , 8924 ]
[ 0, 345 , 7315 ]
[ 1, 340 , 5962 ]
[ 3, 346 , 6056 ]
[ 2, 341 , 8931 ]
[ 0, 346 , 7313 ]
[ 3, 347 , 6049 ]
[ 1, 341 , 5958 ]
[ 2, 342 , 8923 ]
[ 0, 347 , 7314 ]
[ 3, 348 , 6054 ]
[ 1, 342 , 5964 ]
[ 2, 343 , 8932 ]
[ 0, 348 , 7310 ]
[ 3, 349 , 6048 ]
[ 1, 343 , 5960 ]
[ 2, 344 , 8923 ]
[ 0, 349 , 7315 ]
[ 3, 350 , 6058 ]
[ 1, 344 , 5962 ]
[ 2, 345 , 8931 ]
[ 0, 350 , 7313 ]
[ 3, 351 , 6048 ]
[ 1, 345 , 5958 ]
[ 0, 351 , 7314 ]
[ 2, 346 , 8924 ]
[ 3, 352 , 6055 ]
[ 1, 346 , 5964 ]
[ 0, 352 , 7310 ]
[ 3, 353 , 6048 ]
[ 2, 347 , 8929 ]
[ 1, 347 , 5960 ]
[ 3, 354 , 6056 ]
[ 2, 348 , 8925 ]
[ 1, 348 , 5962 ]
[ 0, 353 , 7315 ]
[ 3, 355 , 6049 ]
[ 1, 349 , 5958 ]
[ 2, 349 , 8932 ]
[ 0, 354 , 7313 ]
[ 3, 356 , 6054 ]
[ 1, 350 , 5964 ]
[ 2, 350 , 8921 ]
[ 0, 355 , 7314 ]
[ 1, 351 , 5960 ]
[ 2, 351 , 8933 ]
[ 2, 352 , 8924 ]
[ 1, 352 , 5962 ]
[ 0, 356 , 7310 ]
[ 3, 357 , 6048 ]
[ 1, 353 , 5958 ]
[ 2, 353 , 8929 ]
[ 0, 357 , 7315 ]
[ 3, 358 , 6058 ]
[ 1, 354 , 5964 ]
[ 2, 354 , 8925 ]
[ 0, 358 , 7313 ]
[ 3, 359 , 6048 ]
[ 1, 355 , 5960 ]
[ 2, 355 , 8930 ]
[ 0, 359 , 7314 ]
[ 3, 360 , 6055 ]
[ 2, 356 , 8923 ]
[ 0, 360 , 7310 ]
[ 3, 361 , 6048 ]
[ 2, 357 , 8933 ]
[ 0, 361 , 7315 ]
[ 3, 362 , 6056 ]
[ 1, 356 , 5962 ]
[ 2, 358 , 8922 ]
[ 0, 362 , 7313 ]
[ 3, 363 , 6049 ]
[ 1, 357 , 5958 ]
[ 2, 359 , 8931 ]
[ 3, 364 , 6054 ]
[ 0, 363 , 7314 ]
[ 1, 358 , 5964 ]
[ 2, 360 , 8925 ]
[ 3, 365 , 6048 ]
[ 0, 364 , 7310 ]
[ 1, 359 , 5960 ]
[ 2, 361 , 8930 ]
[ 3, 366 , 6058 ]
[ 0, 365 , 7315 ]
[ 1, 360 , 5962 ]
[ 2, 362 , 8923 ]
[ 3, 367 , 6048 ]
[ 0, 366 , 7313 ]
[ 1, 361 , 5958 ]
[ 2, 363 , 8931 ]
[ 3, 368 , 6055 ]
[ 0, 367 , 7314 ]
[ 1, 362 , 5964 ]
[ 3, 369 , 6048 ]
[ 2, 364 , 8924 ]
[ 0, 368 , 7310 ]
[ 1, 363 , 5960 ]
[ 3, 370 , 6056 ]
[ 0, 369 , 7315 ]
[ 2, 365 , 8931 ]
[ 1, 364 , 5962 ]
[ 3, 371 , 6049 ]
[ 0, 370 , 7313 ]
[ 2, 366 , 8923 ]
[ 1, 365 , 5958 ]
[ 3, 372 , 6054 ]
[ 0, 371 , 7314 ]
[ 2, 367 , 8932 ]
[ 1, 366 , 5964 ]
[ 3, 373 , 6048 ]
[ 0, 372 , 7310 ]
[ 2, 368 , 8923 ]
[ 1, 367 , 5960 ]
[ 3, 374 , 6058 ]
[ 0, 373 , 7315 ]
[ 2, 369 , 8931 ]
[ 1, 368 , 5962 ]
[ 3, 375 , 6048 ]
[ 0, 374 , 7313 ]
[ 1, 369 , 5958 ]
[ 2, 370 , 8924 ]
[ 3, 376 , 6055 ]
[ 0, 375 , 7314 ]
[ 1, 370 , 5964 ]
[ 2, 371 , 8929 ]
[ 3, 377 , 6048 ]
[ 0, 376 , 7310 ]
[ 1, 371 , 5960 ]
[ 2, 372 , 8925 ]
[ 3, 378 , 6056 ]
[ 0, 377 , 7315 ]
[ 1, 372 , 5962 ]
[ 2, 373 , 8932 ]
[ 3, 379 , 6049 ]
[ 0, 378 , 7313 ]
[ 1, 373 , 5958 ]
[ 2, 374 , 8921 ]
[ 3, 380 , 6054 ]
[ 0, 379 , 7314 ]
[ 1, 374 , 5964 ]
[ 2, 375 , 8933 ]
[ 3, 381 , 6048 ]
[ 0, 380 , 7310 ]
[ 1, 375 , 5960 ]
[ 2, 376 , 8924 ]
[ 3, 382 , 6058 ]
[ 0, 381 , 7315 ]
[ 1, 376 , 5962 ]
[ 2, 377 , 8929 ]
[ 3, 383 , 6048 ]
[ 0, 382 , 7313 ]
[ 1, 377 , 5958 ]
[ 2, 378 , 8925 ]
[ 3, 384 , 6055 ]
[ 0, 383 , 7314 ]
[ 1, 378 , 5964 ]
[ 2, 379 , 8930 ]
[ 3, 385 , 6048 ]
[ 0, 384 , 7310 ]
[ 1, 379 , 5960 ]
[ 3, 386 , 6056 ]
[ 0, 385 , 7315 ]
[ 2, 380 , 8923 ]
[ 1, 380 , 5962 ]
[ 3, 387 , 6049 ]
[ 0, 386 , 7313 ]
[ 2, 381 , 8933 ]
[ 1, 381 , 5958 ]
[ 3, 388 , 6054 ]
[ 0, 387 , 7314 ]
[ 2, 382 , 8922 ]
[ 1, 382 , 5964 ]
[ 3, 389 , 6048 ]
[ 0, 388 , 7310 ]
[ 2, 383 , 8931 ]
[ 1, 383 , 5960 ]
[ 3, 390 , 6058 ]
[ 0, 389 , 7315 ]
[ 2, 384 , 8925 ]
[ 1, 384 , 5962 ]
[ 3, 391 , 6048 ]
[ 0, 390 , 7313 ]
[ 2, 385 , 8930 ]
[ 1, 385 , 5958 ]
[ 3, 392 , 6055 ]
[ 0, 391 , 7314 ]
[ 2, 386 , 8923 ]
[ 1, 386 , 5964 ]
[ 3, 393 , 6048 ]
[ 0, 392 , 7310 ]
[ 2, 387 , 8931 ]
[ 1, 387 , 5960 ]
[ 3, 394 , 6056 ]
[ 0, 393 , 7315 ]
[ 2, 388 , 8924 ]
[ 1, 388 , 5962 ]
[ 3, 395 , 6049 ]
[ 0, 394 , 7313 ]
[ 1, 389 , 5958 ]
[ 2, 389 , 8931 ]
[ 3, 396 , 6054 ]
[ 0, 395 , 7314 ]
[ 1, 390 , 5964 ]
[ 2, 390 , 8923 ]
[ 3, 397 , 6048 ]
[ 0, 396 , 7310 ]
[ 1, 391 , 5960 ]
[ 3, 398 , 6058 ]
[ 2, 391 , 8932 ]
[ 0, 397 , 7315 ]
[ 1, 392 , 5962 ]
[ 3, 399 , 6048 ]
[ 2, 392 , 8923 ]
[ 0, 398 , 7313 ]
[ 3, 400 , 6055 ]
[ 2, 393 , 8931 ]
[ 0, 399 , 7314 ]
[ 1, 393 , 5958 ]
[ 3, 401 , 6048 ]
[ 2, 394 , 8924 ]
[ 0, 400 , 7310 ]
[ 1, 394 , 5964 ]
[ 3, 402 , 6056 ]
[ 2, 395 , 8929 ]
[ 1, 395 , 5960 ]
[ 3, 403 , 6049 ]
[ 2, 396 , 8925 ]
[ 1, 396 , 5962 ]
[ 0, 401 , 7315 ]
[ 3, 404 , 6054 ]
[ 2, 397 , 8932 ]
[ 1, 397 , 5958 ]
[ 0, 402 , 7313 ]
[ 3, 405 , 6048 ]
[ 1, 398 , 5964 ]
[ 2, 398 , 8921 ]
[ 0, 403 , 7314 ]
[ 3, 406 , 6058 ]
[ 1, 399 , 5960 ]
[ 2, 399 , 8933 ]
[ 3, 407 , 6048 ]
[ 0, 404 , 7310 ]
[ 1, 400 , 5962 ]
[ 2, 400 , 8924 ]
[ 3, 408 , 6055 ]
[ 0, 405 , 7315 ]
[ 1, 401 , 5958 ]
[ 2, 401 , 8929 ]
[ 3, 409 , 6048 ]
[ 0, 406 , 7313 ]
[ 1, 402 , 5964 ]
[ 2, 402 , 8925 ]
[ 3, 410 , 6056 ]
[ 0, 407 , 7314 ]
[ 1, 403 , 5960 ]
[ 2, 403 , 8930 ]
[ 3, 411 , 6049 ]
[ 0, 408 , 7310 ]
[ 1, 404 , 5962 ]
[ 2, 404 , 8923 ]
[ 3, 412 , 6054 ]
[ 0, 409 , 7315 ]
[ 1, 405 , 5958 ]
[ 2, 405 , 8933 ]
[ 3, 413 , 6048 ]
[ 0, 410 , 7313 ]
[ 1, 406 , 5964 ]
[ 2, 406 , 8922 ]
[ 3, 414 , 6058 ]
[ 0, 411 , 7314 ]
[ 1, 407 , 5960 ]
[ 3, 415 , 6048 ]
[ 2, 407 , 8931 ]
[ 0, 412 , 7310 ]
[ 1, 408 , 5962 ]
[ 3, 416 , 6055 ]
[ 2, 408 , 8925 ]
[ 0, 413 , 7315 ]
[ 1, 409 , 5958 ]
[ 3, 417 , 6048 ]
[ 0, 414 , 7313 ]
[ 2, 409 , 8930 ]
[ 1, 410 , 5964 ]
[ 3, 418 , 6056 ]
[ 0, 415 , 7314 ]
[ 2, 410 , 8923 ]
[ 1, 411 , 5960 ]
[ 3, 419 , 6049 ]
[ 0, 416 , 7310 ]
[ 2, 411 , 8931 ]
[ 1, 412 , 5962 ]
[ 3, 420 , 6054 ]
[ 0, 417 , 7315 ]
[ 2, 412 , 8924 ]
[ 3, 421 , 6048 ]
[ 1, 413 , 5958 ]
[ 0, 418 , 7313 ]
[ 2, 413 , 8931 ]
[ 3, 422 , 6058 ]
[ 1, 414 , 5964 ]
[ 0, 419 , 7314 ]
[ 2, 414 , 8923 ]
[ 3, 423 , 6048 ]
[ 1, 415 , 5960 ]
[ 0, 420 , 7310 ]
[ 2, 415 , 8932 ]
[ 3, 424 , 6055 ]
[ 1, 416 , 5962 ]
[ 0, 421 , 7315 ]
[ 2, 416 , 8923 ]
[ 3, 425 , 6048 ]
[ 1, 417 , 5958 ]
[ 0, 422 , 7313 ]
[ 2, 417 , 8931 ]
[ 3, 426 , 6056 ]
[ 1, 418 , 5964 ]
[ 0, 423 , 7314 ]
[ 2, 418 , 8924 ]
[ 3, 427 , 6049 ]
[ 1, 419 , 5960 ]
[ 0, 424 , 7310 ]
[ 2, 419 , 8929 ]
[ 3, 428 , 6054 ]
[ 1, 420 , 5962 ]
[ 0, 425 , 7315 ]
[ 2, 420 , 8925 ]
[ 3, 429 , 6048 ]
[ 0, 426 , 7313 ]
[ 2, 421 , 8932 ]
[ 1, 421 , 5958 ]
[ 3, 430 , 6058 ]
[ 0, 427 , 7314 ]
[ 2, 422 , 8921 ]
[ 1, 422 , 5964 ]
[ 3, 431 , 6048 ]
[ 0, 428 , 7310 ]
[ 2, 423 , 8933 ]
[ 1, 423 , 5960 ]
[ 3, 432 , 6055 ]
[ 0, 429 , 7315 ]
[ 2, 424 , 8924 ]
[ 1, 424 , 5962 ]
[ 3, 433 , 6048 ]
[ 0, 430 , 7313 ]
[ 2, 425 , 8929 ]
[ 1, 425 , 5958 ]
[ 3, 434 , 6056 ]
[ 0, 431 , 7314 ]
[ 2, 426 , 8925 ]
[ 1, 426 , 5964 ]
[ 3, 435 , 6049 ]
[ 0, 432 , 7310 ]
[ 2, 427 , 8930 ]
[ 1, 427 , 5960 ]
[ 3, 436 , 6054 ]
[ 0, 433 , 7315 ]
[ 2, 428 , 8923 ]
[ 1, 428 , 5962 ]
[ 3, 437 , 6048 ]
[ 0, 434 , 7313 ]
[ 2, 429 , 8933 ]
[ 1, 429 , 5958 ]
[ 3, 438 , 6058 ]
[ 0, 435 , 7314 ]
[ 2, 430 , 8922 ]
[ 1, 430 , 5964 ]
[ 3, 439 , 6048 ]
[ 0, 436 , 7310 ]
[ 2, 431 , 8931 ]
[ 1, 431 , 5960 ]
[ 3, 440 , 6055 ]
[ 0, 437 , 7315 ]
[ 1, 432 , 5962 ]
[ 3, 441 , 6048 ]
[ 2, 432 , 8925 ]
[ 0, 438 , 7313 ]
[ 1, 433 , 5958 ]
[ 3, 442 , 6056 ]
[ 2, 433 , 8930 ]
[ 0, 439 , 7314 ]
[ 3, 443 , 6049 ]
[ 1, 434 , 5964 ]
[ 2, 434 , 8923 ]
[ 0, 440 , 7310 ]
[ 3, 444 , 6054 ]
[ 1, 435 , 5960 ]
[ 2, 435 , 8931 ]
[ 3, 445 , 6048 ]
[ 0, 441 , 7315 ]
[ 2, 436 , 8924 ]
[ 1, 436 , 5962 ]
[ 3, 446 , 6058 ]
[ 0, 442 , 7313 ]
[ 2, 437 , 8931 ]
[ 1, 437 , 5958 ]
[ 3, 447 , 6048 ]
[ 0, 443 , 7314 ]
[ 2, 438 , 8923 ]
[ 1, 438 , 5964 ]
[ 3, 448 , 6055 ]
[ 0, 444 , 7310 ]
[ 2, 439 , 8932 ]
[ 1, 439 , 5960 ]
[ 3, 449 , 6048 ]
[ 0, 445 , 7315 ]
[ 2, 440 , 8923 ]
[ 1, 440 , 5962 ]
[ 3, 450 , 6056 ]
[ 0, 446 , 7313 ]
[ 2, 441 , 8931 ]
[ 1, 441 , 5958 ]
[ 3, 451 , 6049 ]
[ 0, 447 , 7314 ]
[ 2, 442 , 8924 ]
[ 1, 442 , 5964 ]
[ 3, 452 , 6054 ]
[ 0, 448 , 7310 ]
[ 2, 443 , 8929 ]
[ 1, 443 , 5960 ]
[ 3, 453 , 6048 ]
[ 0, 449 , 7315 ]
[ 2, 444 , 8925 ]
[ 1, 444 , 5962 ]
[ 3, 454 , 6058 ]
[ 0, 450 , 7313 ]
[ 2, 445 , 8932 ]
[ 1, 445 , 5958 ]
[ 3, 455 , 6048 ]
[ 0, 451 , 7314 ]
[ 2, 446 , 8921 ]
[ 1, 446 , 5964 ]
[ 3, 456 , 6055 ]
[ 0, 452 , 7310 ]
[ 2, 447 , 8933 ]
[ 1, 447 , 5960 ]
[ 3, 457 , 6048 ]
[ 0, 453 , 7315 ]
[ 2, 448 , 8924 ]
[ 1, 448 , 5962 ]
[ 3, 458 , 6056 ]
[ 0, 454 , 7313 ]
[ 2, 449 , 8929 ]
[ 1, 449 , 5958 ]
[ 3, 459 , 6049 ]
[ 0, 455 , 7314 ]
[ 2, 450 , 8925 ]
[ 1, 450 , 5964 ]
[ 3, 460 , 6054 ]
[ 0, 456 , 7310 ]
[ 2, 451 , 8930 ]
[ 1, 451 , 5960 ]
[ 3, 461 , 6048 ]
[ 0, 457 , 7315 ]
[ 2, 452 , 8923 ]
[ 1, 452 , 5962 ]
[ 3, 462 , 6058 ]
[ 0, 458 , 7313 ]
[ 2, 453 , 8933 ]
[ 1, 453 , 5958 ]
[ 3, 463 , 6048 ]
[ 0, 459 , 7314 ]
[ 2, 454 , 8922 ]
[ 1, 454 , 5964 ]
[ 3, 464 , 6055 ]
[ 0, 460 , 7310 ]
[ 2, 455 , 8931 ]
[ 1, 455 , 5960 ]
[ 3, 465 , 6048 ]
[ 0, 461 , 7315 ]
[ 2, 456 , 8925 ]
[ 1, 456 , 5962 ]
[ 3, 466 , 6056 ]
[ 0, 462 , 7313 ]
[ 2, 457 , 8930 ]
[ 1, 457 , 5958 ]
[ 3, 467 , 6049 ]
[ 0, 463 , 7314 ]
[ 2, 458 , 8923 ]
[ 1, 458 , 5964 ]
[ 3, 468 , 6054 ]
[ 0, 464 , 7310 ]
[ 2, 459 , 8931 ]
[ 1, 459 , 5960 ]
[ 3, 469 , 6048 ]
[ 0, 465 , 7315 ]
[ 2, 460 , 8924 ]
[ 1, 460 , 5962 ]
[ 3, 470 , 6058 ]
[ 0, 466 , 7313 ]
[ 2, 461 , 8931 ]
[ 1, 461 , 5958 ]
[ 3, 471 , 6048 ]
[ 0, 467 , 7314 ]
[ 2, 462 , 8923 ]
[ 3, 472 , 6055 ]
[ 1, 462 , 5964 ]
[ 0, 468 , 7310 ]
[ 2, 463 , 8932 ]
[ 3, 473 , 6048 ]
[ 1, 463 , 5960 ]
[ 0, 469 , 7315 ]
[ 2, 464 , 8923 ]
[ 3, 474 , 6056 ]
[ 0, 470 , 7313 ]
[ 1, 464 , 5962 ]
[ 2, 465 , 8931 ]
[ 3, 475 , 6049 ]
[ 0, 471 , 7314 ]
[ 1, 465 , 5958 ]
[ 2, 466 , 8924 ]
[ 3, 476 , 6054 ]
[ 0, 472 , 7310 ]
[ 1, 466 , 5964 ]
[ 2, 467 , 8929 ]
[ 3, 477 , 6048 ]
[ 0, 473 , 7315 ]
[ 1, 467 , 5960 ]
[ 3, 478 , 6058 ]
[ 2, 468 , 8925 ]
[ 1, 468 , 5962 ]
[ 0, 474 , 7313 ]
[ 3, 479 , 6048 ]
[ 1, 469 , 5958 ]
[ 2, 469 , 8932 ]
[ 0, 475 , 7314 ]
[ 3, 480 , 6055 ]
[ 1, 470 , 5964 ]
[ 2, 470 , 8921 ]
[ 0, 476 , 7310 ]
[ 3, 481 , 6048 ]
[ 1, 471 , 5960 ]
[ 2, 471 , 8933 ]
[ 0, 477 , 7315 ]
[ 3, 482 , 6056 ]
[ 1, 472 , 5962 ]
[ 2, 472 , 8924 ]
[ 0, 478 , 7313 ]
[ 3, 483 , 6049 ]
[ 1, 473 , 5958 ]
[ 2, 473 , 8929 ]
[ 0, 479 , 7314 ]
[ 3, 484 , 6054 ]
[ 1, 474 , 5964 ]
[ 2, 474 , 8925 ]
[ 0, 480 , 7310 ]
[ 3, 485 , 6048 ]
[ 1, 475 , 5960 ]
[ 2, 475 , 8930 ]
[ 0, 481 , 7315 ]
[ 3, 486 , 6058 ]
[ 1, 476 , 5962 ]
[ 2, 476 , 8923 ]
[ 3, 487 , 6048 ]
[ 0, 482 , 7313 ]
[ 2, 477 , 8933 ]
[ 3, 488 , 6055 ]
[ 1, 477 , 5958 ]
[ 0, 483 , 7314 ]
[ 2, 478 , 8922 ]
[ 3, 489 , 6048 ]
[ 1, 478 , 5964 ]
[ 0, 484 , 7310 ]
[ 2, 479 , 8931 ]
[ 3, 490 , 6056 ]
[ 1, 479 , 5960 ]
[ 0, 485 , 7315 ]
[ 2, 480 , 8925 ]
[ 3, 491 , 6049 ]
[ 1, 480 , 5962 ]
[ 0, 486 , 7313 ]
[ 2, 481 , 8930 ]
[ 3, 492 , 6054 ]
[ 1, 481 , 5958 ]
[ 0, 487 , 7314 ]
[ 2, 482 , 8923 ]
[ 3, 493 , 6048 ]
[ 0, 488 , 7310 ]
[ 1, 482 , 5964 ]
[ 3, 494 , 6058 ]
[ 2, 483 , 8931 ]
[ 0, 489 , 7315 ]
[ 1, 483 , 5960 ]
[ 3, 495 , 6048 ]
[ 2, 484 , 8924 ]
[ 0, 490 , 7313 ]
[ 1, 484 , 5962 ]
[ 3, 496 , 6055 ]
[ 2, 485 , 8931 ]
[ 0, 491 , 7314 ]
[ 1, 485 , 5958 ]
[ 3, 497 , 6048 ]
[ 2, 486 , 8923 ]
[ 0, 492 , 7310 ]
[ 1, 486 , 5964 ]
[ 3, 498 , 6056 ]
[ 2, 487 , 8932 ]
[ 0, 493 , 7315 ]
[ 1, 487 , 5960 ]
[ 3, 499 , 6049 ]
[ 2, 488 , 8923 ]
[ 0, 494 , 7313 ]
[ 1, 488 , 5962 ]
[ 3, 500 , 6054 ]
[ 0, 495 , 7314 ]
[ 2, 489 , 8931 ]
[ 1, 489 , 5958 ]
[ 3, 501 , 6048 ]
[ 0, 496 , 7310 ]
[ 2, 490 , 8924 ]
[ 1, 490 , 5964 ]
[ 3, 502 , 6058 ]
[ 0, 497 , 7315 ]
[ 2, 491 , 8929 ]
[ 1, 491 , 5960 ]
[ 3, 503 , 6048 ]
[ 0, 498 , 7313 ]
[ 2, 492 , 8925 ]
[ 1, 492 , 5962 ]
[ 3, 504 , 6055 ]
[ 0, 499 , 7314 ]
[ 2, 493 , 8932 ]
[ 1, 493 , 5958 ]
[ 3, 505 , 6048 ]
[ 0, 500 , 7310 ]
[ 2, 494 , 8921 ]
[ 1, 494 , 5964 ]
[ 3, 506 , 6056 ]
[ 0, 501 , 7315 ]
[ 2, 495 , 8933 ]
[ 1, 495 , 5960 ]
[ 3, 507 , 6049 ]
[ 0, 502 , 7313 ]
[ 2, 496 , 8924 ]
[ 1, 496 , 5962 ]
[ 3, 508 , 6054 ]
[ 0, 503 , 7314 ]
[ 2, 497 , 8929 ]
[ 3, 509 , 6048 ]
[ 1, 497 , 5958 ]
[ 0, 504 , 7310 ]
[ 2, 498 , 8925 ]
[ 3, 510 , 6058 ]
[ 1, 498 , 5964 ]
[ 0, 505 , 7315 ]
[ 2, 499 , 8930 ]
[ 3, 511 , 6048 ]
[ 1, 499 , 5960 ]
[ 0, 506 , 7313 ]
[ 2, 500 , 8923 ]
[ 3, 512 , 6055 ]
[ 1, 500 , 5962 ]
[ 0, 507 , 7314 ]
[ 2, 501 , 8933 ]
[ 3, 513 , 6048 ]
[ 1, 501 , 5958 ]
[ 0, 508 , 7310 ]
[ 3, 514 , 6056 ]
[ 2, 502 , 8922 ]
[ 1, 502 , 5964 ]
[ 3, 515 , 6049 ]
[ 2, 503 , 8931 ]
[ 0, 509 , 7315 ]
[ 3, 516 , 6054 ]
[ 2, 504 , 8925 ]
[ 1, 503 , 5960 ]
[ 0, 510 , 7313 ]
[ 3, 517 , 6048 ]
[ 2, 505 , 8930 ]
[ 1, 504 , 5962 ]
[ 0, 511 , 7314 ]
[ 3, 518 , 6058 ]
[ 2, 506 , 8923 ]
[ 1, 505 , 5958 ]
[ 0, 512 , 7310 ]
[ 3, 519 , 6048 ]
[ 2, 507 , 8931 ]
[ 1, 506 , 5964 ]
[ 0, 513 , 7315 ]
[ 3, 520 , 6055 ]
[ 2, 508 , 8924 ]
[ 1, 507 , 5960 ]
[ 0, 514 , 7313 ]
[ 3, 521 , 6048 ]
[ 2, 509 , 8931 ]
[ 0, 515 , 7314 ]
[ 3, 522 , 6056 ]
[ 1, 508 , 5962 ]
[ 0, 516 , 7310 ]
[ 2, 510 , 8923 ]
[ 3, 523 , 6049 ]
[ 1, 509 , 5958 ]
[ 0, 517 , 7315 ]
[ 2, 511 , 8932 ]
[ 3, 524 , 6054 ]
[ 1, 510 , 5964 ]
[ 0, 518 , 7313 ]
[ 2, 512 , 8923 ]
[ 3, 525 , 6048 ]
[ 1, 511 , 5960 ]
[ 0, 519 , 7314 ]
[ 2, 513 , 8931 ]
[ 3, 526 , 6058 ]
[ 1, 512 , 5962 ]
[ 0, 520 , 7310 ]
[ 2, 514 , 8924 ]
[ 3, 527 , 6048 ]
[ 1, 513 , 5958 ]
[ 0, 521 , 7315 ]
[ 2, 515 , 8929 ]
[ 3, 528 , 6055 ]
[ 1, 514 , 5964 ]
[ 2, 516 , 8925 ]
[ 0, 522 , 7313 ]
[ 3, 529 , 6048 ]
[ 2, 517 , 8932 ]
[ 0, 523 , 7314 ]
[ 3, 530 , 6056 ]
[ 1, 515 , 5960 ]
[ 2, 518 , 8921 ]
[ 0, 524 , 7310 ]
[ 3, 531 , 6049 ]
[ 1, 516 , 5962 ]
[ 2, 519 , 8933 ]
[ 0, 525 , 7315 ]
[ 3, 532 , 6054 ]
[ 1, 517 , 5958 ]
[ 2, 520 , 8924 ]
[ 0, 526 , 7313 ]
[ 3, 533 , 6048 ]
[ 1, 518 , 5964 ]
[ 0, 527 , 7314 ]
[ 2, 521 , 8929 ]
[ 3, 534 , 6058 ]
[ 1, 519 , 5960 ]
[ 0, 528 , 7310 ]
[ 2, 522 , 8925 ]
[ 3, 535 , 6048 ]
[ 1, 520 , 5962 ]
[ 0, 529 , 7315 ]
[ 3, 536 , 6055 ]
[ 2, 523 , 8930 ]
[ 1, 521 , 5958 ]
[ 0, 530 , 7313 ]
[ 3, 537 , 6048 ]
[ 2, 524 , 8923 ]
[ 1, 522 , 5964 ]
[ 0, 531 , 7314 ]
[ 3, 538 , 6056 ]
[ 2, 525 , 8933 ]
[ 1, 523 , 5960 ]
[ 0, 532 , 7310 ]
[ 3, 539 , 6049 ]
[ 2, 526 , 8922 ]
[ 1, 524 , 5962 ]
[ 0, 533 , 7315 ]
[ 3, 540 , 6054 ]
[ 2, 527 , 8931 ]
[ 1, 525 , 5958 ]
[ 0, 534 , 7313 ]
[ 3, 541 , 6048 ]
[ 2, 528 , 8925 ]
[ 1, 526 , 5964 ]
[ 0, 535 , 7314 ]
[ 3, 542 , 6058 ]
[ 2, 529 , 8930 ]
[ 1, 527 , 5960 ]
[ 0, 536 , 7310 ]
[ 3, 543 , 6048 ]
[ 2, 530 , 8923 ]
[ 1, 528 , 5962 ]
[ 0, 537 , 7315 ]
[ 3, 544 , 6055 ]
[ 2, 531 , 8931 ]
[ 1, 529 , 5958 ]
[ 0, 538 , 7313 ]
[ 3, 545 , 6048 ]
[ 2, 532 , 8924 ]
[ 1, 530 , 5964 ]
[ 0, 539 , 7314 ]
[ 3, 546 , 6056 ]
[ 2, 533 , 8931 ]
[ 1, 531 , 5960 ]
[ 0, 540 , 7310 ]
[ 3, 547 , 6049 ]
[ 2, 534 , 8923 ]
[ 1, 532 , 5962 ]
[ 0, 541 , 7315 ]
[ 3, 548 , 6054 ]
[ 2, 535 , 8932 ]
[ 1, 533 , 5958 ]
[ 0, 542 , 7313 ]
[ 3, 549 , 6048 ]
[ 2, 536 , 8923 ]
[ 1, 534 , 5964 ]
[ 0, 543 , 7314 ]
[ 3, 550 , 6058 ]
[ 2, 537 , 8931 ]
[ 1, 535 , 5960 ]
[ 0, 544 , 7310 ]
[ 3, 551 , 6048 ]
[ 2, 538 , 8924 ]
[ 0, 545 , 7315 ]
[ 1, 536 , 5962 ]
[ 3, 552 , 6055 ]
[ 2, 539 , 8929 ]
[ 0, 546 , 7313 ]
[ 1, 537 , 5958 ]
[ 3, 553 , 6048 ]
[ 2, 540 , 8925 ]
[ 0, 547 , 7314 ]
[ 1, 538 , 5964 ]
[ 3, 554 , 6056 ]
[ 2, 541 , 8932 ]
[ 0, 548 , 7310 ]
[ 1, 539 , 5960 ]
[ 3, 555 , 6049 ]
[ 2, 542 , 8921 ]
[ 1, 540 , 5962 ]
[ 0, 549 , 7315 ]
[ 3, 556 , 6054 ]
[ 2, 543 , 8933 ]
[ 1, 541 , 5958 ]
[ 0, 550 , 7313 ]
[ 3, 557 , 6048 ]
[ 2, 544 , 8924 ]
[ 1, 542 , 5964 ]
[ 0, 551 , 7314 ]
[ 3, 558 , 6058 ]
[ 2, 545 , 8929 ]
[ 1, 543 , 5960 ]
[ 0, 552 , 7310 ]
[ 3, 559 , 6048 ]
[ 2, 546 , 8925 ]
[ 1, 544 , 5962 ]
[ 0, 553 , 7315 ]
[ 3, 560 , 6055 ]
[ 2, 547 , 8930 ]
[ 1, 545 , 5958 ]
[ 0, 554 , 7313 ]
[ 3, 561 , 6048 ]
[ 2, 548 , 8923 ]
[ 1, 546 , 5964 ]
[ 0, 555 , 7314 ]
[ 3, 562 , 6056 ]
[ 2, 549 , 8933 ]
[ 1, 547 , 5960 ]
[ 0, 556 , 7310 ]
[ 3, 563 , 6049 ]
[ 1, 548 , 5962 ]
[ 2, 550 , 8922 ]
[ 0, 557 , 7315 ]
[ 3, 564 , 6054 ]
[ 1, 549 , 5958 ]
[ 0, 558 , 7313 ]
[ 3, 565 , 6048 ]
[ 2, 551 , 8931 ]
[ 1, 550 , 5964 ]
[ 0, 559 , 7314 ]
[ 3, 566 , 6058 ]
[ 2, 552 , 8925 ]
[ 1, 551 , 5960 ]
[ 0, 560 , 7310 ]
[ 3, 567 , 6048 ]
[ 2, 553 , 8930 ]
[ 1, 552 , 5962 ]
[ 0, 561 , 7315 ]
[ 3, 568 , 6055 ]
[ 2, 554 , 8923 ]
[ 0, 562 , 7313 ]
[ 1, 553 , 5958 ]
[ 3, 569 , 6048 ]
[ 2, 555 , 8931 ]
[ 0, 563 , 7314 ]
[ 3, 570 , 6056 ]
[ 1, 554 , 5964 ]
[ 2, 556 , 8924 ]
[ 1, 555 , 5960 ]
[ 3, 571 , 6049 ]
[ 2, 557 , 8931 ]
[ 0, 564 , 7310 ]
[ 3, 572 , 6054 ]
[ 2, 558 , 8923 ]
[ 0, 565 , 7315 ]
[ 3, 573 , 6048 ]
[ 1, 556 , 5962 ]
[ 0, 566 , 7313 ]
[ 2, 559 , 8932 ]
[ 3, 574 , 6058 ]
[ 1, 557 , 5958 ]
[ 0, 567 , 7314 ]
[ 2, 560 , 8923 ]
[ 3, 575 , 6048 ]
[ 1, 558 , 5964 ]
[ 0, 568 , 7310 ]
[ 2, 561 , 8931 ]
[ 3, 576 , 6055 ]
[ 1, 559 , 5960 ]
[ 0, 569 , 7315 ]
[ 2, 562 , 8924 ]
[ 3, 577 , 6048 ]
[ 1, 560 , 5962 ]
[ 0, 570 , 7313 ]
[ 2, 563 , 8929 ]
[ 3, 578 , 6056 ]
[ 1, 561 , 5958 ]
[ 0, 571 , 7314 ]
[ 2, 564 , 8925 ]
[ 3, 579 , 6049 ]
[ 1, 562 , 5964 ]
[ 0, 572 , 7310 ]
[ 2, 565 , 8932 ]
[ 3, 580 , 6054 ]
[ 1, 563 , 5960 ]
[ 0, 573 , 7315 ]
[ 2, 566 , 8921 ]
[ 3, 581 , 6048 ]
[ 1, 564 , 5962 ]
[ 0, 574 , 7313 ]
[ 2, 567 , 8933 ]
[ 3, 582 , 6058 ]
[ 1, 565 , 5958 ]
[ 0, 575 , 7314 ]
[ 2, 568 , 8924 ]
[ 3, 583 , 6048 ]
[ 1, 566 , 5964 ]
[ 0, 576 , 7310 ]
[ 3, 584 , 6055 ]
[ 2, 569 , 8929 ]
[ 1, 567 , 5960 ]
[ 0, 577 , 7315 ]
[ 3, 585 , 6048 ]
[ 2, 570 , 8925 ]
[ 1, 568 , 5962 ]
[ 0, 578 , 7313 ]
[ 3, 586 , 6056 ]
[ 2, 571 , 8930 ]
[ 1, 569 , 5958 ]
[ 0, 579 , 7314 ]
[ 3, 587 , 6049 ]
[ 2, 572 , 8923 ]
[ 1, 570 , 5964 ]
[ 0, 580 , 7310 ]
[ 3, 588 , 6054 ]
[ 2, 573 , 8933 ]
[ 1, 571 , 5960 ]
[ 0, 581 , 7315 ]
[ 3, 589 , 6048 ]
[ 2, 574 , 8922 ]
[ 1, 572 , 5962 ]
[ 0, 582 , 7313 ]
[ 3, 590 , 6058 ]
[ 2, 575 , 8931 ]
[ 1, 573 , 5958 ]
[ 0, 583 , 7314 ]
[ 3, 591 , 6048 ]
[ 2, 576 , 8925 ]
[ 1, 574 , 5964 ]
[ 0, 584 , 7310 ]
[ 3, 592 , 6055 ]
[ 2, 577 , 8930 ]
[ 1, 575 , 5960 ]
[ 0, 585 , 7315 ]
[ 3, 593 , 6048 ]
[ 2, 578 , 8923 ]
[ 1, 576 , 5962 ]
[ 0, 586 , 7313 ]
[ 3, 594 , 6056 ]
[ 2, 579 , 8931 ]
[ 1, 577 , 5958 ]
[ 0, 587 , 7314 ]
[ 3, 595 , 6049 ]
[ 2, 580 , 8924 ]
[ 1, 578 , 5964 ]
[ 0, 588 , 7310 ]
[ 3, 596 , 6054 ]
[ 2, 581 , 8931 ]
[ 0, 589 , 7315 ]
[ 1, 579 , 5960 ]
[ 3, 597 , 6048 ]
[ 2, 582 , 8923 ]
[ 0, 590 , 7313 ]
[ 1, 580 , 5962 ]
[ 3, 598 , 6058 ]
[ 2, 583 , 8932 ]
[ 0, 591 , 7314 ]
[ 1, 581 , 5958 ]
[ 3, 599 , 6048 ]
[ 2, 584 , 8923 ]
[ 0, 592 , 7310 ]
[ 1, 582 , 5964 ]
[ 3, 600 , 6055 ]
[ 2, 585 , 8931 ]
[ 0, 593 , 7315 ]
[ 1, 583 , 5960 ]
[ 3, 601 , 6048 ]
[ 0, 594 , 7313 ]
[ 2, 586 , 8924 ]
[ 1, 584 , 5962 ]
[ 3, 602 , 6056 ]
[ 0, 595 , 7314 ]
[ 2, 587 , 8929 ]
[ 1, 585 , 5958 ]
[ 3, 603 , 6049 ]
[ 0, 596 , 7310 ]
[ 2, 588 , 8925 ]
[ 1, 586 , 5964 ]
[ 3, 604 , 6054 ]
[ 0, 597 , 7315 ]
[ 2, 589 , 8932 ]
[ 1, 587 , 5960 ]
[ 3, 605 , 6048 ]
[ 0, 598 , 7313 ]
[ 2, 590 , 8921 ]
[ 1, 588 , 5962 ]
[ 3, 606 , 6058 ]
[ 0, 599 , 7314 ]
[ 2, 591 , 8933 ]
[ 1, 589 , 5958 ]
[ 3, 607 , 6048 ]
[ 0, 600 , 7310 ]
[ 2, 592 , 8924 ]
[ 1, 590 , 5964 ]
[ 3, 608 , 6055 ]
[ 0, 601 , 7315 ]
[ 2, 593 , 8929 ]
[ 1, 591 , 5960 ]
[ 3, 609 , 6048 ]
[ 0, 602 , 7313 ]
[ 2, 594 , 8925 ]
[ 1, 592 , 5962 ]
[ 3, 610 , 6056 ]
[ 0, 603 , 7314 ]
[ 2, 595 , 8930 ]
[ 1, 593 , 5958 ]
[ 3, 611 , 6049 ]
[ 0, 604 , 7310 ]
[ 2, 596 , 8923 ]
[ 1, 594 , 5964 ]
[ 3, 612 , 6054 ]
[ 2, 597 , 8933 ]
[ 0, 605 , 7315 ]
[ 3, 613 , 6048 ]
[ 2, 598 , 8922 ]
[ 0, 606 , 7313 ]
[ 3, 614 , 6058 ]
[ 1, 595 , 5960 ]
[ 2, 599 , 8931 ]
[ 0, 607 , 7314 ]
[ 3, 615 , 6048 ]
[ 1, 596 , 5962 ]
[ 2, 600 , 8925 ]
[ 0, 608 , 7310 ]
[ 3, 616 , 6055 ]
[ 1, 597 , 5958 ]
[ 2, 601 , 8930 ]
[ 0, 609 , 7315 ]
[ 3, 617 , 6048 ]
[ 1, 598 , 5964 ]
[ 2, 602 , 8923 ]
[ 3, 618 , 6056 ]
[ 0, 610 , 7313 ]
[ 1, 599 , 5960 ]
[ 2, 603 , 8931 ]
[ 0, 611 , 7314 ]
[ 3, 619 , 6049 ]
[ 1, 600 , 5962 ]
[ 2, 604 , 8924 ]
[ 0, 612 , 7310 ]
[ 3, 620 , 6054 ]
[ 1, 601 , 5958 ]
[ 2, 605 , 8931 ]
[ 0, 613 , 7315 ]
[ 3, 621 , 6048 ]
[ 1, 602 , 5964 ]
[ 2, 606 , 8923 ]
[ 0, 614 , 7313 ]
[ 3, 622 , 6058 ]
[ 1, 603 , 5960 ]
[ 2, 607 , 8932 ]
[ 0, 615 , 7314 ]
[ 3, 623 , 6048 ]
[ 1, 604 , 5962 ]
[ 2, 608 , 8923 ]
[ 0, 616 , 7310 ]
[ 3, 624 , 6055 ]
[ 1, 605 , 5958 ]
[ 2, 609 , 8931 ]
[ 0, 617 , 7315 ]
[ 3, 625 , 6048 ]
[ 1, 606 , 5964 ]
[ 2, 610 , 8924 ]
[ 0, 618 , 7313 ]
[ 3, 626 , 6056 ]
[ 1, 607 , 5960 ]
[ 2, 611 , 8929 ]
[ 0, 619 , 7314 ]
[ 3, 627 , 6049 ]
[ 1, 608 , 5962 ]
[ 2, 612 , 8925 ]
[ 0, 620 , 7310 ]
[ 3, 628 , 6054 ]
[ 1, 609 , 5958 ]
[ 2, 613 , 8932 ]
[ 0, 621 , 7315 ]
[ 3, 629 , 6048 ]
[ 1, 610 , 5964 ]
[ 2, 614 , 8921 ]
[ 0, 622 , 7313 ]
[ 3, 630 , 6058 ]
[ 1, 611 , 5960 ]
[ 3, 631 , 6048 ]
[ 0, 623 , 7314 ]
[ 2, 615 , 8933 ]
[ 1, 612 , 5962 ]
[ 3, 632 , 6055 ]
[ 2, 616 , 8924 ]
[ 0, 624 , 7310 ]
[ 1, 613 , 5958 ]
[ 3, 633 , 6048 ]
[ 2, 617 , 8929 ]
[ 0, 625 , 7315 ]
[ 1, 614 , 5964 ]
[ 3, 634 , 6056 ]
[ 2, 618 , 8925 ]
[ 0, 626 , 7313 ]
[ 1, 615 , 5960 ]
[ 3, 635 , 6049 ]
[ 0, 627 , 7314 ]
[ 2, 619 , 8930 ]
[ 1, 616 , 5962 ]
[ 3, 636 , 6054 ]
[ 0, 628 , 7310 ]
[ 2, 620 , 8923 ]
[ 1, 617 , 5958 ]
[ 3, 637 , 6048 ]
[ 0, 629 , 7315 ]
[ 2, 621 , 8933 ]
[ 1, 618 , 5964 ]
[ 3, 638 , 6058 ]
[ 0, 630 , 7313 ]
[ 2, 622 , 8922 ]
[ 1, 619 , 5960 ]
[ 3, 639 , 6048 ]
[ 0, 631 , 7314 ]
[ 2, 623 , 8931 ]
[ 1, 620 , 5962 ]
[ 3, 640 , 6055 ]
[ 0, 632 , 7310 ]
[ 2, 624 , 8925 ]
[ 1, 621 , 5958 ]
[ 3, 641 , 6048 ]
[ 0, 633 , 7315 ]
[ 2, 625 , 8930 ]
[ 1, 622 , 5964 ]
[ 3, 642 , 6056 ]
[ 0, 634 , 7313 ]
[ 1, 623 , 5960 ]
[ 2, 626 , 8923 ]
[ 3, 643 , 6049 ]
[ 0, 635 , 7314 ]
[ 2, 627 , 8931 ]
[ 1, 624 , 5962 ]
[ 3, 644 , 6054 ]
[ 0, 636 , 7310 ]
[ 1, 625 , 5958 ]
[ 2, 628 , 8924 ]
[ 3, 645 , 6048 ]
[ 0, 637 , 7315 ]
[ 1, 626 , 5964 ]
[ 2, 629 , 8931 ]
[ 3, 646 , 6058 ]
[ 0, 638 , 7313 ]
[ 1, 627 , 5960 ]
[ 3, 647 , 6048 ]
[ 2, 630 , 8923 ]
[ 0, 639 , 7314 ]
[ 1, 628 , 5962 ]
[ 3, 648 , 6055 ]
[ 2, 631 , 8932 ]
[ 0, 640 , 7310 ]
[ 1, 629 , 5958 ]
[ 3, 649 , 6048 ]
[ 2, 632 , 8923 ]
[ 0, 641 , 7315 ]
[ 1, 630 , 5964 ]
[ 3, 650 , 6056 ]
[ 2, 633 , 8931 ]
[ 0, 642 , 7313 ]
[ 1, 631 , 5960 ]
[ 3, 651 , 6049 ]
[ 2, 634 , 8924 ]
[ 0, 643 , 7314 ]
[ 1, 632 , 5962 ]
[ 3, 652 , 6054 ]
[ 2, 635 , 8929 ]
[ 0, 644 , 7310 ]
[ 1, 633 , 5958 ]
[ 3, 653 , 6048 ]
[ 2, 636 , 8925 ]
[ 0, 645 , 7315 ]
[ 3, 654 , 6058 ]
[ 1, 634 , 5964 ]
[ 2, 637 , 8932 ]
[ 0, 646 , 7313 ]
[ 3, 655 , 6048 ]
[ 1, 635 , 5960 ]
[ 2, 638 , 8921 ]
[ 3, 656 , 6055 ]
[ 0, 647 , 7314 ]
[ 2, 639 , 8933 ]
[ 1, 636 , 5962 ]
[ 3, 657 , 6048 ]
[ 0, 648 , 7310 ]
[ 2, 640 , 8924 ]
[ 1, 637 , 5958 ]
[ 3, 658 , 6056 ]
[ 0, 649 , 7315 ]
[ 2, 641 , 8929 ]
[ 1, 638 , 5964 ]
[ 3, 659 , 6049 ]
[ 0, 650 , 7313 ]
[ 2, 642 , 8925 ]
[ 1, 639 , 5960 ]
[ 0, 651 , 7314 ]
[ 2, 643 , 8930 ]
[ 3, 660 , 6054 ]
[ 1, 640 , 5962 ]
[ 0, 652 , 7310 ]
[ 2, 644 , 8923 ]
[ 3, 661 , 6048 ]
[ 1, 641 , 5958 ]
[ 2, 645 , 8933 ]
[ 1, 642 , 5964 ]
[ 0, 653 , 7315 ]
[ 2, 646 , 8922 ]
[ 1, 643 , 5960 ]
[ 3, 662 , 6058 ]
[ 2, 647 , 8931 ]
[ 0, 654 , 7313 ]
[ 1, 644 , 5962 ]
[ 2, 648 , 8925 ]
[ 0, 655 , 7314 ]
[ 1, 645 , 5958 ]
[ 3, 663 , 6048 ]
[ 0, 656 , 7310 ]
[ 2, 649 , 8930 ]
[ 3, 664 , 6055 ]
[ 1, 646 , 5964 ]
[ 0, 657 , 7315 ]
[ 2, 650 , 8923 ]
[ 3, 665 , 6048 ]
[ 1, 647 , 5960 ]
[ 2, 651 , 8931 ]
[ 3, 666 , 6056 ]
[ 0, 658 , 7313 ]
[ 2, 652 , 8924 ]
[ 3, 667 , 6049 ]
[ 1, 648 , 5962 ]
[ 0, 659 , 7314 ]
[ 3, 668 , 6054 ]
[ 2, 653 , 8931 ]
[ 1, 649 , 5958 ]
[ 0, 660 , 7310 ]
[ 3, 669 , 6048 ]
[ 2, 654 , 8923 ]
[ 1, 650 , 5964 ]
[ 0, 661 , 7315 ]
[ 3, 670 , 6058 ]
[ 2, 655 , 8932 ]
[ 1, 651 , 5960 ]
[ 0, 662 , 7313 ]
[ 3, 671 , 6048 ]
[ 2, 656 , 8923 ]
[ 1, 652 , 5962 ]
[ 0, 663 , 7314 ]
[ 3, 672 , 6055 ]
[ 2, 657 , 8931 ]
[ 1, 653 , 5958 ]
[ 0, 664 , 7310 ]
[ 3, 673 , 6048 ]
[ 2, 658 , 8924 ]
[ 1, 654 , 5964 ]
[ 0, 665 , 7315 ]
[ 3, 674 , 6056 ]
[ 2, 659 , 8929 ]
[ 1, 655 , 5960 ]
[ 0, 666 , 7313 ]
[ 3, 675 , 6049 ]
[ 2, 660 , 8925 ]
[ 0, 667 , 7314 ]
[ 1, 656 , 5962 ]
[ 3, 676 , 6054 ]
[ 2, 661 , 8932 ]
[ 0, 668 , 7310 ]
[ 1, 657 , 5958 ]
[ 3, 677 , 6048 ]
[ 0, 669 , 7315 ]
[ 2, 662 , 8921 ]
[ 1, 658 , 5964 ]
[ 3, 678 , 6058 ]
[ 0, 670 , 7313 ]
[ 2, 663 , 8933 ]
[ 1, 659 , 5960 ]
[ 3, 679 , 6048 ]
[ 0, 671 , 7314 ]
[ 2, 664 , 8924 ]
[ 1, 660 , 5962 ]
[ 3, 680 , 6055 ]
[ 0, 672 , 7310 ]
[ 2, 665 , 8929 ]
[ 1, 661 , 5958 ]
[ 3, 681 , 6048 ]
[ 0, 673 , 7315 ]
[ 2, 666 , 8925 ]
[ 3, 682 , 6056 ]
[ 1, 662 , 5964 ]
[ 0, 674 , 7313 ]
[ 2, 667 , 8930 ]
[ 3, 683 , 6049 ]
[ 1, 663 , 5960 ]
[ 0, 675 , 7314 ]
[ 2, 668 , 8923 ]
[ 3, 684 , 6054 ]
[ 1, 664 , 5962 ]
[ 0, 676 , 7310 ]
[ 3, 685 , 6048 ]
[ 1, 665 , 5958 ]
[ 2, 669 , 8933 ]
[ 0, 677 , 7315 ]
[ 3, 686 , 6058 ]
[ 1, 666 , 5964 ]
[ 2, 670 , 8922 ]
[ 0, 678 , 7313 ]
[ 3, 687 , 6048 ]
[ 1, 667 , 5960 ]
[ 2, 671 , 8931 ]
[ 0, 679 , 7314 ]
[ 3, 688 , 6055 ]
[ 1, 668 , 5962 ]
[ 2, 672 , 8925 ]
[ 0, 680 , 7310 ]
[ 3, 689 , 6048 ]
[ 1, 669 , 5958 ]
[ 2, 673 , 8930 ]
[ 0, 681 , 7315 ]
[ 3, 690 , 6056 ]
[ 1, 670 , 5964 ]
[ 2, 674 , 8923 ]
[ 0, 682 , 7313 ]
[ 3, 691 , 6049 ]
[ 1, 671 , 5960 ]
[ 2, 675 , 8931 ]
[ 0, 683 , 7314 ]
[ 3, 692 , 6054 ]
[ 2, 676 , 8924 ]
[ 1, 672 , 5962 ]
[ 0, 684 , 7310 ]
[ 3, 693 , 6048 ]
[ 2, 677 , 8931 ]
[ 1, 673 , 5958 ]
[ 0, 685 , 7315 ]
[ 3, 694 , 6058 ]
[ 1, 674 , 5964 ]
[ 2, 678 , 8923 ]
[ 3, 695 , 6048 ]
[ 0, 686 , 7313 ]
[ 2, 679 , 8932 ]
[ 3, 696 , 6055 ]
[ 0, 687 , 7314 ]
[ 1, 675 , 5960 ]
[ 2, 680 , 8923 ]
[ 3, 697 , 6048 ]
[ 0, 688 , 7310 ]
[ 1, 676 , 5962 ]
[ 2, 681 , 8931 ]
[ 3, 698 , 6056 ]
[ 0, 689 , 7315 ]
[ 1, 677 , 5958 ]
[ 2, 682 , 8924 ]
[ 3, 699 , 6049 ]
[ 0, 690 , 7313 ]
[ 1, 678 , 5964 ]
[ 2, 683 , 8929 ]
[ 3, 700 , 6054 ]
[ 0, 691 , 7314 ]
[ 1, 679 , 5960 ]
[ 2, 684 , 8925 ]
[ 3, 701 , 6048 ]
[ 0, 692 , 7310 ]
[ 1, 680 , 5962 ]
[ 2, 685 , 8932 ]
[ 3, 702 , 6058 ]
[ 0, 693 , 7315 ]
[ 2, 686 , 8921 ]
[ 3, 703 , 6048 ]
[ 0, 694 , 7313 ]
[ 1, 681 , 5958 ]
[ 2, 687 , 8933 ]
[ 3, 704 , 6055 ]
[ 0, 695 , 7314 ]
[ 1, 682 , 5964 ]
[ 2, 688 , 8924 ]
[ 3, 705 , 6048 ]
[ 0, 696 , 7310 ]
[ 1, 683 , 5960 ]
[ 2, 689 , 8929 ]
[ 3, 706 , 6056 ]
[ 0, 697 , 7315 ]
[ 1, 684 , 5962 ]
[ 2, 690 , 8925 ]
[ 3, 707 , 6049 ]
[ 0, 698 , 7313 ]
[ 1, 685 , 5958 ]
[ 2, 691 , 8930 ]
[ 3, 708 , 6054 ]
[ 0, 699 , 7314 ]
[ 1, 686 , 5964 ]
[ 3, 709 , 6048 ]
[ 2, 692 , 8923 ]
[ 0, 700 , 7310 ]
[ 1, 687 , 5960 ]
[ 3, 710 , 6058 ]
[ 2, 693 , 8933 ]
[ 0, 701 , 7315 ]
[ 1, 688 , 5962 ]
[ 3, 711 , 6048 ]
[ 2, 694 , 8922 ]
[ 0, 702 , 7313 ]
[ 1, 689 , 5958 ]
[ 3, 712 , 6055 ]
[ 2, 695 , 8931 ]
[ 0, 703 , 7314 ]
[ 1, 690 , 5964 ]
[ 3, 713 , 6048 ]
[ 2, 696 , 8925 ]
[ 0, 704 , 7310 ]
[ 1, 691 , 5960 ]
[ 3, 714 , 6056 ]
[ 0, 705 , 7315 ]
[ 2, 697 , 8930 ]
[ 1, 692 , 5962 ]
[ 3, 715 , 6049 ]
[ 0, 706 , 7313 ]
[ 2, 698 , 8923 ]
[ 1, 693 , 5958 ]
[ 3, 716 , 6054 ]
[ 0, 707 , 7314 ]
[ 2, 699 , 8931 ]
[ 1, 694 , 5964 ]
[ 3, 717 , 6048 ]
[ 0, 708 , 7310 ]
[ 2, 700 , 8924 ]
[ 1, 695 , 5960 ]
[ 3, 718 , 6058 ]
[ 0, 709 , 7315 ]
[ 2, 701 , 8931 ]
[ 1, 696 , 5962 ]
[ 3, 719 , 6048 ]
[ 0, 710 , 7313 ]
[ 2, 702 , 8923 ]
[ 1, 697 , 5958 ]
[ 3, 720 , 6055 ]
[ 0, 711 , 7314 ]
[ 2, 703 , 8932 ]
[ 1, 698 , 5964 ]
[ 3, 721 , 6048 ]
[ 0, 712 , 7310 ]
[ 2, 704 , 8923 ]
[ 3, 722 , 6056 ]
[ 1, 699 , 5960 ]
[ 0, 713 , 7315 ]
[ 2, 705 , 8931 ]
[ 3, 723 , 6049 ]
[ 1, 700 , 5962 ]
[ 0, 714 , 7313 ]
[ 2, 706 , 8924 ]
[ 3, 724 , 6054 ]
[ 1, 701 , 5958 ]
[ 0, 715 , 7314 ]
[ 2, 707 , 8929 ]
[ 3, 725 , 6048 ]
[ 1, 702 , 5964 ]
[ 0, 716 , 7310 ]
[ 3, 726 , 6058 ]
[ 2, 708 , 8925 ]
[ 1, 703 , 5960 ]
[ 0, 717 , 7315 ]
[ 3, 727 , 6048 ]
[ 2, 709 , 8932 ]
[ 1, 704 , 5962 ]
[ 0, 718 , 7313 ]
[ 3, 728 , 6055 ]
[ 1, 705 , 5958 ]
[ 2, 710 , 8921 ]
[ 0, 719 , 7314 ]
[ 3, 729 , 6048 ]
[ 1, 706 , 5964 ]
[ 2, 711 , 8933 ]
[ 0, 720 , 7310 ]
[ 3, 730 , 6056 ]
[ 1, 707 , 5960 ]
[ 2, 712 , 8924 ]
[ 0, 721 , 7315 ]
[ 3, 731 , 6049 ]
[ 1, 708 , 5962 ]
[ 2, 713 , 8929 ]
[ 0, 722 , 7313 ]
[ 3, 732 , 6054 ]
[ 1, 709 , 5958 ]
[ 2, 714 , 8925 ]
[ 0, 723 , 7314 ]
[ 3, 733 , 6048 ]
[ 1, 710 , 5964 ]
[ 0, 724 , 7310 ]
[ 2, 715 , 8930 ]
[ 3, 734 , 6058 ]
[ 0, 725 , 7315 ]
[ 2, 716 , 8923 ]
[ 1, 711 , 5960 ]
[ 3, 735 , 6048 ]
[ 0, 726 , 7313 ]
[ 1, 712 , 5962 ]
[ 2, 717 , 8933 ]
[ 3, 736 , 6055 ]
[ 0, 727 , 7314 ]
[ 1, 713 , 5958 ]
[ 2, 718 , 8922 ]
[ 3, 737 , 6048 ]
[ 1, 714 , 5964 ]
[ 2, 719 , 8931 ]
[ 0, 728 , 7310 ]
[ 3, 738 , 6056 ]
[ 2, 720 , 8925 ]
[ 0, 729 , 7315 ]
[ 3, 739 , 6049 ]
[ 2, 721 , 8930 ]
[ 1, 715 , 5960 ]
[ 0, 730 , 7313 ]
[ 3, 740 , 6054 ]
[ 2, 722 , 8923 ]
[ 0, 731 , 7314 ]
[ 1, 716 , 5962 ]
[ 3, 741 , 6048 ]
[ 2, 723 , 8931 ]
[ 0, 732 , 7310 ]
[ 1, 717 , 5958 ]
[ 3, 742 , 6058 ]
[ 0, 733 , 7315 ]
[ 2, 724 , 8924 ]
[ 3, 743 , 6048 ]
[ 1, 718 , 5964 ]
[ 0, 734 , 7313 ]
[ 2, 725 , 8931 ]
[ 3, 744 , 6055 ]
[ 1, 719 , 5960 ]
[ 0, 735 , 7314 ]
[ 2, 726 , 8923 ]
[ 3, 745 , 6048 ]
[ 1, 720 , 5962 ]
[ 0, 736 , 7310 ]
[ 2, 727 , 8932 ]
[ 3, 746 , 6056 ]
[ 1, 721 , 5958 ]
[ 0, 737 , 7315 ]
[ 2, 728 , 8923 ]
[ 3, 747 , 6049 ]
[ 1, 722 , 5964 ]
[ 0, 738 , 7313 ]
[ 2, 729 , 8931 ]
[ 3, 748 , 6054 ]
[ 1, 723 , 5960 ]
[ 0, 739 , 7314 ]
[ 2, 730 , 8924 ]
[ 3, 749 , 6048 ]
[ 1, 724 , 5962 ]
[ 0, 740 , 7310 ]
[ 2, 731 , 8929 ]
[ 3, 750 , 6058 ]
[ 1, 725 , 5958 ]
[ 0, 741 , 7315 ]
[ 2, 732 , 8925 ]
[ 3, 751 , 6048 ]
[ 1, 726 , 5964 ]
[ 0, 742 , 7313 ]
[ 2, 733 , 8932 ]
[ 3, 752 , 6055 ]
[ 1, 727 , 5960 ]
[ 0, 743 , 7314 ]
[ 2, 734 , 8921 ]
[ 3, 753 , 6048 ]
[ 1, 728 , 5962 ]
[ 0, 744 , 7310 ]
[ 2, 735 , 8933 ]
[ 3, 754 , 6056 ]
[ 1, 729 , 5958 ]
[ 0, 745 , 7315 ]
[ 2, 736 , 8924 ]
[ 3, 755 , 6049 ]
[ 1, 730 , 5964 ]
[ 0, 746 , 7313 ]
[ 2, 737 , 8929 ]
[ 1, 731 , 5960 ]
[ 3, 756 , 6054 ]
[ 0, 747 , 7314 ]
[ 2, 738 , 8925 ]
[ 1, 732 , 5962 ]
[ 3, 757 , 6048 ]
[ 0, 748 , 7310 ]
[ 2, 739 , 8930 ]
[ 1, 733 , 5958 ]
[ 3, 758 , 6058 ]
[ 0, 749 , 7315 ]
[ 2, 740 , 8923 ]
[ 1, 734 , 5964 ]
[ 3, 759 , 6048 ]
[ 0, 750 , 7313 ]
[ 2, 741 , 8933 ]
[ 1, 735 , 5960 ]
[ 3, 760 , 6055 ]
[ 0, 751 , 7314 ]
[ 2, 742 , 8922 ]
[ 1, 736 , 5962 ]
[ 3, 761 , 6048 ]
[ 0, 752 , 7310 ]
[ 2, 743 , 8931 ]
[ 1, 737 , 5958 ]
[ 3, 762 , 6056 ]
[ 0, 753 , 7315 ]
[ 2, 744 , 8925 ]
[ 1, 738 , 5964 ]
[ 3, 763 , 6049 ]
[ 0, 754 , 7313 ]
[ 2, 745 , 8930 ]
[ 1, 739 , 5960 ]
[ 3, 764 , 6054 ]
[ 0, 755 , 7314 ]
[ 2, 746 , 8923 ]
[ 1, 740 , 5962 ]
[ 3, 765 , 6048 ]
[ 0, 756 , 7310 ]
[ 2, 747 , 8931 ]
[ 1, 741 , 5958 ]
[ 3, 766 , 6058 ]
[ 0, 757 , 7315 ]
[ 2, 748 , 8924 ]
[ 1, 742 , 5964 ]
[ 3, 767 , 6048 ]
[ 0, 758 , 7313 ]
[ 2, 749 , 8931 ]
[ 1, 743 , 5960 ]
[ 3, 768 , 6055 ]
[ 0, 759 , 7314 ]
[ 2, 750 , 8923 ]
[ 3, 769 , 6048 ]
[ 0, 760 , 7310 ]
[ 1, 744 , 5962 ]
[ 2, 751 , 8932 ]
[ 3, 770 , 6056 ]
[ 0, 761 , 7315 ]
[ 1, 745 , 5958 ]
[ 2, 752 , 8923 ]
[ 3, 771 , 6049 ]
[ 0, 762 , 7313 ]
[ 1, 746 , 5964 ]
[ 2, 753 , 8931 ]
[ 3, 772 , 6054 ]
[ 0, 763 , 7314 ]
[ 1, 747 , 5960 ]
[ 2, 754 , 8924 ]
[ 3, 773 , 6048 ]
[ 0, 764 , 7310 ]
[ 1, 748 , 5962 ]
[ 2, 755 , 8929 ]
[ 3, 774 , 6058 ]
[ 0, 765 , 7315 ]
[ 1, 749 , 5958 ]
[ 2, 756 , 8925 ]
[ 3, 775 , 6048 ]
[ 0, 766 , 7313 ]
[ 1, 750 , 5964 ]
[ 2, 757 , 8932 ]
[ 3, 776 , 6055 ]
[ 0, 767 , 7314 ]
[ 1, 751 , 5960 ]
[ 2, 758 , 8921 ]
[ 3, 777 , 6048 ]
[ 0, 768 , 7310 ]
[ 1, 752 , 5962 ]
[ 2, 759 , 8933 ]
[ 3, 778 , 6056 ]
[ 1, 753 , 5958 ]
[ 0, 769 , 7315 ]
[ 3, 779 , 6049 ]
[ 2, 760 , 8924 ]
[ 0, 770 , 7313 ]
[ 3, 780 , 6054 ]
[ 2, 761 , 8929 ]
[ 1, 754 , 5964 ]
[ 0, 771 , 7314 ]
[ 3, 781 , 6048 ]
[ 2, 762 , 8925 ]
[ 1, 755 , 5960 ]
[ 0, 772 , 7310 ]
[ 3, 782 , 6058 ]
[ 2, 763 , 8930 ]
[ 1, 756 , 5962 ]
[ 3, 783 , 6048 ]
[ 0, 773 , 7315 ]
[ 2, 764 , 8923 ]
[ 1, 757 , 5958 ]
[ 3, 784 , 6055 ]
[ 0, 774 , 7313 ]
[ 2, 765 , 8933 ]
[ 1, 758 , 5964 ]
[ 3, 785 , 6048 ]
[ 0, 775 , 7314 ]
[ 2, 766 , 8922 ]
[ 1, 759 , 5960 ]
[ 3, 786 , 6056 ]
[ 0, 776 , 7310 ]
[ 2, 767 , 8931 ]
[ 1, 760 , 5962 ]
[ 3, 787 , 6049 ]
[ 0, 777 , 7315 ]
[ 2, 768 , 8925 ]
[ 1, 761 , 5958 ]
[ 3, 788 , 6054 ]
[ 0, 778 , 7313 ]
[ 2, 769 , 8930 ]
[ 1, 762 , 5964 ]
[ 3, 789 , 6048 ]
[ 0, 779 , 7314 ]
[ 2, 770 , 8923 ]
[ 1, 763 , 5960 ]
[ 3, 790 , 6058 ]
[ 0, 780 , 7310 ]
[ 2, 771 , 8931 ]
[ 1, 764 , 5962 ]
[ 3, 791 , 6048 ]
[ 0, 781 , 7315 ]
[ 2, 772 , 8924 ]
[ 1, 765 , 5958 ]
[ 3, 792 , 6055 ]
[ 0, 782 , 7313 ]
[ 2, 773 , 8931 ]
[ 1, 766 , 5964 ]
[ 3, 793 , 6048 ]
[ 0, 783 , 7314 ]
[ 3, 794 , 6056 ]
[ 1, 767 , 5960 ]
[ 2, 774 , 8923 ]
[ 0, 784 , 7310 ]
[ 3, 795 , 6049 ]
[ 0, 785 , 7315 ]
[ 2, 775 , 8932 ]
[ 1, 768 , 5962 ]
[ 3, 796 , 6054 ]
[ 0, 786 , 7313 ]
[ 2, 776 , 8923 ]
[ 1, 769 , 5958 ]
[ 3, 797 , 6048 ]
[ 0, 787 , 7314 ]
[ 2, 777 , 8931 ]
[ 1, 770 , 5964 ]
[ 3, 798 , 6058 ]
[ 0, 788 , 7310 ]
[ 2, 778 , 8924 ]
[ 1, 771 , 5960 ]
[ 3, 799 , 6048 ]
[ 0, 789 , 7315 ]
[ 2, 779 , 8929 ]
[ 1, 772 , 5962 ]
[ 3, 800 , 6055 ]
[ 0, 790 , 7313 ]
[ 2, 780 , 8925 ]
[ 1, 773 , 5958 ]
[ 3, 801 , 6048 ]
[ 0, 791 , 7314 ]
[ 2, 781 , 8932 ]
[ 1, 774 , 5964 ]
[ 3, 802 , 6056 ]
[ 0, 792 , 7310 ]
[ 2, 782 , 8921 ]
[ 1, 775 , 5960 ]
[ 3, 803 , 6049 ]
[ 0, 793 , 7315 ]
[ 2, 783 , 8933 ]
[ 1, 776 , 5962 ]
[ 3, 804 , 6054 ]
[ 0, 794 , 7313 ]
[ 2, 784 , 8924 ]
[ 1, 777 , 5958 ]
[ 3, 805 , 6048 ]
[ 0, 795 , 7314 ]
[ 2, 785 , 8929 ]
[ 1, 778 , 5964 ]
[ 3, 806 , 6058 ]
[ 0, 796 , 7310 ]
[ 2, 786 , 8925 ]
[ 1, 779 , 5960 ]
[ 3, 807 , 6048 ]
[ 0, 797 , 7315 ]
[ 2, 787 , 8930 ]
[ 1, 780 , 5962 ]
[ 3, 808 , 6055 ]
[ 0, 798 , 7313 ]
[ 2, 788 , 8923 ]
[ 3, 809 , 6048 ]
[ 1, 781 , 5958 ]
[ 0, 799 , 7314 ]
[ 2, 789 , 8933 ]
[ 0, 800 , 7310 ]
[ 3, 810 , 6056 ]
[ 1, 782 , 5964 ]
[ 2, 790 , 8922 ]
[ 0, 801 , 7315 ]
[ 3, 811 , 6049 ]
[ 1, 783 , 5960 ]
[ 2, 791 , 8931 ]
[ 0, 802 , 7313 ]
[ 3, 812 , 6054 ]
[ 1, 784 , 5962 ]
[ 2, 792 , 8925 ]
[ 0, 803 , 7314 ]
[ 3, 813 , 6048 ]
[ 1, 785 , 5958 ]
[ 2, 793 , 8930 ]
[ 0, 804 , 7310 ]
[ 3, 814 , 6058 ]
[ 1, 786 , 5964 ]
[ 2, 794 , 8923 ]
[ 0, 805 , 7315 ]
[ 3, 815 , 6048 ]
[ 1, 787 , 5960 ]
[ 2, 795 , 8931 ]
[ 0, 806 , 7313 ]
[ 3, 816 , 6055 ]
[ 1, 788 , 5962 ]
[ 2, 796 , 8924 ]
[ 0, 807 , 7314 ]
[ 3, 817 , 6048 ]
[ 1, 789 , 5958 ]
[ 2, 797 , 8931 ]
[ 0, 808 , 7310 ]
[ 3, 818 , 6056 ]
[ 1, 790 , 5964 ]
[ 2, 798 , 8923 ]
[ 3, 819 , 6049 ]
[ 1, 791 , 5960 ]
[ 0, 809 , 7315 ]
[ 2, 799 , 8932 ]
[ 3, 820 , 6054 ]
[ 0, 810 , 7313 ]
[ 2, 800 , 8923 ]
[ 3, 821 , 6048 ]
[ 1, 792 , 5962 ]
[ 2, 801 , 8931 ]
[ 0, 811 , 7314 ]
[ 3, 822 , 6058 ]
[ 0, 812 , 7310 ]
[ 2, 802 , 8924 ]
[ 3, 823 , 6048 ]
[ 1, 793 , 5958 ]
[ 0, 813 , 7315 ]
[ 2, 803 , 8929 ]
[ 3, 824 , 6055 ]
[ 1, 794 , 5964 ]
[ 0, 814 , 7313 ]
[ 3, 825 , 6048 ]
[ 2, 804 , 8925 ]
[ 0, 815 , 7314 ]
[ 1, 795 , 5960 ]
[ 3, 826 , 6056 ]
[ 2, 805 , 8932 ]
[ 0, 816 , 7310 ]
[ 1, 796 , 5962 ]
[ 3, 827 , 6049 ]
[ 2, 806 , 8921 ]
[ 0, 817 , 7315 ]
[ 1, 797 , 5958 ]
[ 3, 828 , 6054 ]
[ 2, 807 , 8933 ]
[ 0, 818 , 7313 ]
[ 1, 798 , 5964 ]
[ 3, 829 , 6048 ]
[ 2, 808 , 8924 ]
[ 0, 819 , 7314 ]
[ 1, 799 , 5960 ]
[ 3, 830 , 6058 ]
[ 2, 809 , 8929 ]
[ 0, 820 , 7310 ]
[ 1, 800 , 5962 ]
[ 3, 831 , 6048 ]
[ 2, 810 , 8925 ]
[ 0, 821 , 7315 ]
[ 1, 801 , 5958 ]
[ 3, 832 , 6055 ]
[ 2, 811 , 8930 ]
[ 0, 822 , 7313 ]
[ 1, 802 , 5964 ]
[ 3, 833 , 6048 ]
[ 2, 812 , 8923 ]
[ 0, 823 , 7314 ]
[ 1, 803 , 5960 ]
[ 3, 834 , 6056 ]
[ 2, 813 , 8933 ]
[ 0, 824 , 7310 ]
[ 1, 804 , 5962 ]
[ 3, 835 , 6049 ]
[ 2, 814 , 8922 ]
[ 0, 825 , 7315 ]
[ 3, 836 , 6054 ]
[ 1, 805 , 5958 ]
[ 2, 815 , 8931 ]
[ 0, 826 , 7313 ]
[ 3, 837 , 6048 ]
[ 1, 806 , 5964 ]
[ 2, 816 , 8925 ]
[ 0, 827 , 7314 ]
[ 3, 838 , 6058 ]
[ 1, 807 , 5960 ]
[ 2, 817 , 8930 ]
[ 0, 828 , 7310 ]
[ 3, 839 , 6048 ]
[ 1, 808 , 5962 ]
[ 0, 829 , 7315 ]
[ 2, 818 , 8923 ]
[ 3, 840 , 6055 ]
[ 1, 809 , 5958 ]
[ 0, 830 , 7313 ]
[ 2, 819 , 8931 ]
[ 3, 841 , 6048 ]
[ 1, 810 , 5964 ]
[ 0, 831 , 7314 ]
[ 2, 820 , 8924 ]
[ 3, 842 , 6056 ]
[ 1, 811 , 5960 ]
[ 0, 832 , 7310 ]
[ 3, 843 , 6049 ]
[ 2, 821 , 8931 ]
[ 1, 812 , 5962 ]
[ 0, 833 , 7315 ]
[ 3, 844 , 6054 ]
[ 2, 822 , 8923 ]
[ 1, 813 , 5958 ]
[ 0, 834 , 7313 ]
[ 3, 845 , 6048 ]
[ 2, 823 , 8932 ]
[ 1, 814 , 5964 ]
[ 0, 835 , 7314 ]
[ 3, 846 , 6058 ]
[ 2, 824 , 8923 ]
[ 1, 815 , 5960 ]
[ 0, 836 , 7310 ]
[ 3, 847 , 6048 ]
[ 1, 816 , 5962 ]
[ 2, 825 , 8931 ]
[ 0, 837 , 7315 ]
[ 3, 848 , 6055 ]
[ 1, 817 , 5958 ]
[ 2, 826 , 8924 ]
[ 0, 838 , 7313 ]
[ 3, 849 , 6048 ]
[ 1, 818 , 5964 ]
[ 2, 827 , 8929 ]
[ 0, 839 , 7314 ]
[ 3, 850 , 6056 ]
[ 1, 819 , 5960 ]
[ 2, 828 , 8925 ]
[ 0, 840 , 7310 ]
[ 3, 851 , 6049 ]
[ 1, 820 , 5962 ]
[ 2, 829 , 8932 ]
[ 0, 841 , 7315 ]
[ 3, 852 , 6054 ]
[ 1, 821 , 5958 ]
[ 2, 830 , 8921 ]
[ 0, 842 , 7313 ]
[ 3, 853 , 6048 ]
[ 1, 822 , 5964 ]
[ 2, 831 , 8933 ]
[ 0, 843 , 7314 ]
[ 3, 854 , 6058 ]
[ 1, 823 , 5960 ]
[ 2, 832 , 8924 ]
[ 0, 844 , 7310 ]
[ 3, 855 , 6048 ]
[ 1, 824 , 5962 ]
[ 2, 833 , 8929 ]
[ 0, 845 , 7315 ]
[ 3, 856 , 6055 ]
[ 1, 825 , 5958 ]
[ 2, 834 , 8925 ]
[ 0, 846 , 7313 ]
[ 3, 857 , 6048 ]
[ 1, 826 , 5964 ]
[ 2, 835 , 8930 ]
[ 0, 847 , 7314 ]
[ 3, 858 , 6056 ]
[ 1, 827 , 5960 ]
[ 0, 848 , 7310 ]
[ 2, 836 , 8923 ]
[ 3, 859 , 6049 ]
[ 1, 828 , 5962 ]
[ 2, 837 , 8933 ]
[ 3, 860 , 6054 ]
[ 0, 849 , 7315 ]
[ 1, 829 , 5958 ]
[ 3, 861 , 6048 ]
[ 2, 838 , 8922 ]
[ 0, 850 , 7313 ]
[ 1, 830 , 5964 ]
[ 3, 862 , 6058 ]
[ 2, 839 , 8931 ]
[ 0, 851 , 7314 ]
[ 1, 831 , 5960 ]
[ 3, 863 , 6048 ]
[ 2, 840 , 8925 ]
[ 0, 852 , 7310 ]
[ 3, 864 , 6055 ]
[ 2, 841 , 8930 ]
[ 0, 853 , 7315 ]
[ 1, 832 , 5962 ]
[ 3, 865 , 6048 ]
[ 2, 842 , 8923 ]
[ 0, 854 , 7313 ]
[ 3, 866 , 6056 ]
[ 1, 833 , 5958 ]
[ 2, 843 , 8931 ]
[ 0, 855 , 7314 ]
[ 3, 867 , 6049 ]
[ 1, 834 , 5964 ]
[ 2, 844 , 8924 ]
[ 0, 856 , 7310 ]
[ 3, 868 , 6054 ]
[ 1, 835 , 5960 ]
[ 2, 845 , 8931 ]
[ 0, 857 , 7315 ]
[ 3, 869 , 6048 ]
[ 1, 836 , 5962 ]
[ 2, 846 , 8923 ]
[ 0, 858 , 7313 ]
[ 3, 870 , 6058 ]
[ 1, 837 , 5958 ]
[ 2, 847 , 8932 ]
[ 0, 859 , 7314 ]
[ 3, 871 , 6048 ]
[ 1, 838 , 5964 ]
[ 2, 848 , 8923 ]
[ 0, 860 , 7310 ]
[ 3, 872 , 6055 ]
[ 1, 839 , 5960 ]
[ 2, 849 , 8931 ]
[ 0, 861 , 7315 ]
[ 3, 873 , 6048 ]
[ 1, 840 , 5962 ]
[ 2, 850 , 8924 ]
[ 0, 862 , 7313 ]
[ 3, 874 , 6056 ]
[ 1, 841 , 5958 ]
[ 0, 863 , 7314 ]
[ 2, 851 , 8929 ]
[ 3, 875 , 6049 ]
[ 1, 842 , 5964 ]
[ 0, 864 , 7310 ]
[ 2, 852 , 8925 ]
[ 3, 876 , 6054 ]
[ 1, 843 , 5960 ]
[ 0, 865 , 7315 ]
[ 2, 853 , 8932 ]
[ 3, 877 , 6048 ]
[ 1, 844 , 5962 ]
[ 0, 866 , 7313 ]
[ 2, 854 , 8921 ]
[ 3, 878 , 6058 ]
[ 1, 845 , 5958 ]
[ 0, 867 , 7314 ]
[ 2, 855 , 8933 ]
[ 3, 879 , 6048 ]
[ 1, 846 , 5964 ]
[ 0, 868 , 7310 ]
[ 2, 856 , 8924 ]
[ 3, 880 , 6055 ]
[ 1, 847 , 5960 ]
[ 0, 869 , 7315 ]
[ 2, 857 , 8929 ]
[ 3, 881 , 6048 ]
[ 1, 848 , 5962 ]
[ 0, 870 , 7313 ]
[ 2, 858 , 8925 ]
[ 3, 882 , 6056 ]
[ 1, 849 , 5958 ]
[ 0, 871 , 7314 ]
[ 3, 883 , 6049 ]
[ 2, 859 , 8930 ]
[ 0, 872 , 7310 ]
[ 1, 850 , 5964 ]
[ 3, 884 , 6054 ]
[ 2, 860 , 8923 ]
[ 0, 873 , 7315 ]
[ 1, 851 , 5960 ]
[ 3, 885 , 6048 ]
[ 2, 861 , 8933 ]
[ 0, 874 , 7313 ]
[ 1, 852 , 5962 ]
[ 3, 886 , 6058 ]
[ 2, 862 , 8922 ]
[ 0, 875 , 7314 ]
[ 1, 853 , 5958 ]
[ 3, 887 , 6048 ]
[ 2, 863 , 8931 ]
[ 0, 876 , 7310 ]
[ 3, 888 , 6055 ]
[ 2, 864 , 8925 ]
[ 0, 877 , 7315 ]
[ 1, 854 , 5964 ]
[ 2, 865 , 8930 ]
[ 3, 889 , 6048 ]
[ 0, 878 , 7313 ]
[ 1, 855 , 5960 ]
[ 2, 866 , 8923 ]
[ 3, 890 , 6056 ]
[ 0, 879 , 7314 ]
[ 1, 856 , 5962 ]
[ 2, 867 , 8931 ]
[ 3, 891 , 6049 ]
[ 0, 880 , 7310 ]
[ 1, 857 , 5958 ]
[ 2, 868 , 8924 ]
[ 3, 892 , 6054 ]
[ 0, 881 , 7315 ]
[ 1, 858 , 5964 ]
[ 3, 893 , 6048 ]
[ 0, 882 , 7313 ]
[ 2, 869 , 8931 ]
[ 1, 859 , 5960 ]
[ 3, 894 , 6058 ]
[ 0, 883 , 7314 ]
[ 2, 870 , 8923 ]
[ 1, 860 , 5962 ]
[ 3, 895 , 6048 ]
[ 0, 884 , 7310 ]
[ 2, 871 , 8932 ]
[ 1, 861 , 5958 ]
[ 3, 896 , 6055 ]
[ 0, 885 , 7315 ]
[ 2, 872 , 8923 ]
[ 1, 862 , 5964 ]
[ 3, 897 , 6048 ]
[ 0, 886 , 7313 ]
[ 2, 873 , 8931 ]
[ 1, 863 , 5960 ]
[ 3, 898 , 6056 ]
[ 0, 887 , 7314 ]
[ 2, 874 , 8924 ]
[ 1, 864 , 5962 ]
[ 3, 899 , 6049 ]
[ 0, 888 , 7310 ]
[ 2, 875 , 8929 ]
[ 1, 865 , 5958 ]
[ 3, 900 , 6054 ]
[ 0, 889 , 7315 ]
[ 2, 876 , 8925 ]
[ 1, 866 , 5964 ]
[ 3, 901 , 6048 ]
[ 0, 890 , 7313 ]
[ 2, 877 , 8932 ]
[ 1, 867 , 5960 ]
[ 3, 902 , 6058 ]
[ 0, 891 , 7314 ]
[ 2, 878 , 8921 ]
[ 1, 868 , 5962 ]
[ 3, 903 , 6048 ]
[ 0, 892 , 7310 ]
[ 2, 879 , 8933 ]
[ 1, 869 , 5958 ]
[ 0, 893 , 7315 ]
[ 3, 904 , 6055 ]
[ 1, 870 , 5964 ]
[ 2, 880 , 8924 ]
[ 3, 905 , 6048 ]
[ 2, 881 , 8929 ]
[ 0, 894 , 7313 ]
[ 1, 871 , 5960 ]
[ 3, 906 , 6056 ]
[ 2, 882 , 8925 ]
[ 0, 895 , 7314 ]
[ 3, 907 , 6049 ]
[ 1, 872 , 5962 ]
[ 2, 883 , 8930 ]
[ 0, 896 , 7310 ]
[ 3, 908 , 6054 ]
[ 2, 884 , 8923 ]
[ 1, 873 , 5958 ]
[ 0, 897 , 7315 ]
[ 2, 885 , 8933 ]
[ 1, 874 , 5964 ]
[ 3, 909 , 6048 ]
[ 0, 898 , 7313 ]
[ 2, 886 , 8922 ]
[ 1, 875 , 5960 ]
[ 3, 910 , 6058 ]
[ 0, 899 , 7314 ]
[ 2, 887 , 8931 ]
[ 1, 876 , 5962 ]
[ 3, 911 , 6048 ]
[ 0, 900 , 7310 ]
[ 1, 877 , 5958 ]
[ 2, 888 , 8925 ]
[ 3, 912 , 6055 ]
[ 0, 901 , 7315 ]
[ 1, 878 , 5964 ]
[ 2, 889 , 8930 ]
[ 3, 913 , 6048 ]
[ 0, 902 , 7313 ]
[ 2, 890 , 8923 ]
[ 1, 879 , 5960 ]
[ 3, 914 , 6056 ]
[ 0, 903 , 7314 ]
[ 1, 880 , 5962 ]
[ 2, 891 , 8931 ]
[ 3, 915 , 6049 ]
[ 0, 904 , 7310 ]
[ 2, 892 , 8924 ]
[ 1, 881 , 5958 ]
[ 3, 916 , 6054 ]
[ 0, 905 , 7315 ]
[ 2, 893 , 8931 ]
[ 3, 917 , 6048 ]
[ 1, 882 , 5964 ]
[ 0, 906 , 7313 ]
[ 2, 894 , 8923 ]
[ 3, 918 , 6058 ]
[ 0, 907 , 7314 ]
[ 1, 883 , 5960 ]
[ 2, 895 , 8932 ]
[ 3, 919 , 6048 ]
[ 0, 908 , 7310 ]
[ 1, 884 , 5962 ]
[ 2, 896 , 8923 ]
[ 0, 909 , 7315 ]
[ 3, 920 , 6055 ]
[ 1, 885 , 5958 ]
[ 0, 910 , 7313 ]
[ 2, 897 , 8931 ]
[ 3, 921 , 6048 ]
[ 1, 886 , 5964 ]
[ 0, 911 , 7314 ]
[ 2, 898 , 8924 ]
[ 1, 887 , 5960 ]
[ 3, 922 , 6056 ]
[ 0, 912 , 7310 ]
[ 2, 899 , 8929 ]
[ 1, 888 , 5962 ]
[ 3, 923 , 6049 ]
[ 0, 913 , 7315 ]
[ 2, 900 , 8925 ]
[ 1, 889 , 5958 ]
[ 3, 924 , 6054 ]
[ 0, 914 , 7313 ]
[ 2, 901 , 8932 ]
[ 1, 890 , 5964 ]
[ 3, 925 , 6048 ]
[ 0, 915 , 7314 ]
[ 2, 902 , 8921 ]
[ 1, 891 , 5960 ]
[ 3, 926 , 6058 ]
[ 0, 916 , 7310 ]
[ 2, 903 , 8933 ]
[ 1, 892 , 5962 ]
[ 3, 927 , 6048 ]
[ 0, 917 , 7315 ]
[ 2, 904 , 8924 ]
[ 1, 893 , 5958 ]
[ 3, 928 , 6055 ]
[ 0, 918 , 7313 ]
[ 2, 905 , 8929 ]
[ 1, 894 , 5964 ]
[ 3, 929 , 6048 ]
[ 0, 919 , 7314 ]
[ 2, 906 , 8925 ]
[ 1, 895 , 5960 ]
[ 3, 930 , 6056 ]
[ 0, 920 , 7310 ]
[ 2, 907 , 8930 ]
[ 1, 896 , 5962 ]
[ 3, 931 , 6049 ]
[ 0, 921 , 7315 ]
[ 2, 908 , 8923 ]
[ 1, 897 , 5958 ]
[ 3, 932 , 6054 ]
[ 0, 922 , 7313 ]
[ 2, 909 , 8933 ]
[ 1, 898 , 5964 ]
[ 3, 933 , 6048 ]
[ 0, 923 , 7314 ]
[ 2, 910 , 8922 ]
[ 1, 899 , 5960 ]
[ 3, 934 , 6058 ]
[ 0, 924 , 7310 ]
[ 2, 911 , 8931 ]
[ 1, 900 , 5962 ]
[ 3, 935 , 6048 ]
[ 2, 912 , 8925 ]
[ 1, 901 , 5958 ]
[ 0, 925 , 7315 ]
[ 3, 936 , 6055 ]
[ 2, 913 , 8930 ]
[ 0, 926 , 7313 ]
[ 1, 902 , 5964 ]
[ 3, 937 , 6048 ]
[ 2, 914 , 8923 ]
[ 0, 927 , 7314 ]
[ 1, 903 , 5960 ]
[ 3, 938 , 6056 ]
[ 2, 915 , 8931 ]
[ 0, 928 , 7310 ]
[ 1, 904 , 5962 ]
[ 3, 939 , 6049 ]
[ 2, 916 , 8924 ]
[ 0, 929 , 7315 ]
[ 1, 905 , 5958 ]
[ 3, 940 , 6054 ]
[ 2, 917 , 8931 ]
[ 0, 930 , 7313 ]
[ 1, 906 , 5964 ]
[ 3, 941 , 6048 ]
[ 2, 918 , 8923 ]
[ 0, 931 , 7314 ]
[ 1, 907 , 5960 ]
[ 3, 942 , 6058 ]
[ 2, 919 , 8932 ]
[ 0, 932 , 7310 ]
[ 1, 908 , 5962 ]
[ 3, 943 , 6048 ]
[ 2, 920 , 8923 ]
[ 0, 933 , 7315 ]
[ 1, 909 , 5958 ]
[ 3, 944 , 6055 ]
[ 2, 921 , 8931 ]
[ 0, 934 , 7313 ]
[ 1, 910 , 5964 ]
[ 3, 945 , 6048 ]
[ 2, 922 , 8924 ]
[ 1, 911 , 5960 ]
[ 0, 935 , 7314 ]
[ 1, 912 , 5962 ]
[ 0, 936 , 7310 ]
[ 2, 923 , 8929 ]
[ 2, 924 , 8925 ]
[ 0, 937 , 7315 ]
[ 1, 913 , 5958 ]
[ 3, 946 , 6056 ]
[ 2, 925 , 8932 ]
[ 0, 938 , 7313 ]
[ 1, 914 , 5964 ]
[ 3, 947 , 6049 ]
[ 2, 926 , 8921 ]
[ 0, 939 , 7314 ]
[ 1, 915 , 5960 ]
[ 3, 948 , 6054 ]
[ 2, 927 , 8933 ]
[ 0, 940 , 7310 ]
[ 1, 916 , 5962 ]
[ 3, 949 , 6048 ]
[ 2, 928 , 8924 ]
[ 0, 941 , 7315 ]
[ 1, 917 , 5958 ]
[ 3, 950 , 6058 ]
[ 2, 929 , 8929 ]
[ 0, 942 , 7313 ]
[ 3, 951 , 6048 ]
[ 1, 918 , 5964 ]
[ 0, 943 , 7314 ]
[ 2, 930 , 8925 ]
[ 3, 952 , 6055 ]
[ 1, 919 , 5960 ]
[ 0, 944 , 7310 ]
[ 2, 931 , 8930 ]
[ 3, 953 , 6048 ]
[ 1, 920 , 5962 ]
[ 0, 945 , 7315 ]
[ 2, 932 , 8923 ]
[ 3, 954 , 6056 ]
[ 1, 921 , 5958 ]
[ 0, 946 , 7313 ]
[ 2, 933 , 8933 ]
[ 3, 955 , 6049 ]
[ 1, 922 , 5964 ]
[ 0, 947 , 7314 ]
[ 2, 934 , 8922 ]
[ 3, 956 , 6054 ]
[ 1, 923 , 5960 ]
[ 0, 948 , 7310 ]
[ 2, 935 , 8931 ]
[ 3, 957 , 6048 ]
[ 1, 924 , 5962 ]
[ 0, 949 , 7315 ]
[ 2, 936 , 8925 ]
[ 3, 958 , 6058 ]
[ 1, 925 , 5958 ]
[ 0, 950 , 7313 ]
[ 2, 937 , 8930 ]
[ 3, 959 , 6048 ]
[ 1, 926 , 5964 ]
[ 0, 951 , 7314 ]
[ 2, 938 , 8923 ]
[ 3, 960 , 6055 ]
[ 1, 927 , 5960 ]
[ 0, 952 , 7310 ]
[ 2, 939 , 8931 ]
[ 0, 953 , 7315 ]
[ 1, 928 , 5962 ]
[ 3, 961 , 6048 ]
[ 2, 940 , 8924 ]
[ 0, 954 , 7313 ]
[ 3, 962 , 6056 ]
[ 1, 929 , 5958 ]
[ 2, 941 , 8931 ]
[ 0, 955 , 7314 ]
[ 3, 963 , 6049 ]
[ 1, 930 , 5964 ]
[ 2, 942 , 8923 ]
[ 0, 956 , 7310 ]
[ 2, 943 , 8932 ]
[ 0, 957 , 7315 ]
[ 3, 964 , 6054 ]
[ 1, 931 , 5960 ]
[ 2, 944 , 8923 ]
[ 0, 958 , 7313 ]
[ 3, 965 , 6048 ]
[ 2, 945 , 8931 ]
[ 1, 932 , 5962 ]
[ 0, 959 , 7314 ]
[ 3, 966 , 6058 ]
[ 1, 933 , 5958 ]
[ 2, 946 , 8924 ]
[ 0, 960 , 7310 ]
[ 3, 967 , 6048 ]
[ 1, 934 , 5964 ]
[ 2, 947 , 8929 ]
[ 0, 961 , 7315 ]
[ 2, 948 , 8925 ]
[ 1, 935 , 5960 ]
[ 0, 962 , 7313 ]
[ 2, 949 , 8932 ]
[ 3, 968 , 6055 ]
[ 0, 963 , 7314 ]
[ 1, 936 , 5962 ]
[ 2, 950 , 8921 ]
[ 0, 964 , 7310 ]
[ 3, 969 , 6048 ]
[ 1, 937 , 5958 ]
[ 2, 951 , 8933 ]
[ 0, 965 , 7315 ]
[ 3, 970 , 6056 ]
[ 1, 938 , 5964 ]
[ 2, 952 , 8924 ]
[ 0, 966 , 7313 ]
[ 3, 971 , 6049 ]
[ 1, 939 , 5960 ]
[ 2, 953 , 8929 ]
[ 0, 967 , 7314 ]
[ 3, 972 , 6054 ]
[ 2, 954 , 8925 ]
[ 0, 968 , 7310 ]
[ 3, 973 , 6048 ]
[ 1, 940 , 5962 ]
[ 2, 955 , 8930 ]
[ 0, 969 , 7315 ]
[ 3, 974 , 6058 ]
[ 1, 941 , 5958 ]
[ 2, 956 , 8923 ]
[ 0, 970 , 7313 ]
[ 3, 975 , 6048 ]
[ 1, 942 , 5964 ]
[ 2, 957 , 8933 ]
[ 0, 971 , 7314 ]
[ 3, 976 , 6055 ]
[ 1, 943 , 5960 ]
[ 2, 958 , 8922 ]
[ 0, 972 , 7310 ]
[ 3, 977 , 6048 ]
[ 1, 944 , 5962 ]
[ 2, 959 , 8931 ]
[ 0, 973 , 7315 ]
[ 3, 978 , 6056 ]
[ 1, 945 , 5958 ]
[ 2, 960 , 8925 ]
[ 0, 974 , 7313 ]
[ 3, 979 , 6049 ]
[ 1, 946 , 5964 ]
[ 2, 961 , 8930 ]
[ 0, 975 , 7314 ]
[ 1, 947 , 5960 ]
[ 3, 980 , 6054 ]
[ 2, 962 , 8923 ]
[ 0, 976 , 7310 ]
[ 1, 948 , 5962 ]
[ 3, 981 , 6048 ]
[ 2, 963 , 8931 ]
[ 0, 977 , 7315 ]
[ 1, 949 , 5958 ]
[ 2, 964 , 8924 ]
[ 0, 978 , 7313 ]
[ 3, 982 , 6058 ]
[ 0, 979 , 7314 ]
[ 2, 965 , 8931 ]
[ 3, 983 , 6048 ]
[ 1, 950 , 5964 ]
[ 0, 980 , 7310 ]
[ 2, 966 , 8923 ]
[ 3, 984 , 6055 ]
[ 1, 951 , 5960 ]
[ 0, 981 , 7315 ]
[ 2, 967 , 8932 ]
[ 3, 985 , 6048 ]
[ 1, 952 , 5962 ]
[ 0, 982 , 7313 ]
[ 2, 968 , 8923 ]
[ 3, 986 , 6056 ]
[ 1, 953 , 5958 ]
[ 0, 983 , 7314 ]
[ 2, 969 , 8931 ]
[ 3, 987 , 6049 ]
[ 1, 954 , 5964 ]
[ 0, 984 , 7310 ]
[ 2, 970 , 8924 ]
[ 3, 988 , 6054 ]
[ 1, 955 , 5960 ]
[ 0, 985 , 7315 ]
[ 2, 971 , 8929 ]
[ 3, 989 , 6048 ]
[ 1, 956 , 5962 ]
[ 0, 986 , 7313 ]
[ 2, 972 , 8925 ]
[ 3, 990 , 6058 ]
[ 1, 957 , 5958 ]
[ 0, 987 , 7314 ]
[ 3, 991 , 6048 ]
[ 2, 973 , 8932 ]
[ 0, 988 , 7310 ]
[ 1, 958 , 5964 ]
[ 3, 992 , 6055 ]
[ 2, 974 , 8921 ]
[ 0, 989 , 7315 ]
[ 1, 959 , 5960 ]
[ 3, 993 , 6048 ]
[ 2, 975 , 8933 ]
[ 0, 990 , 7313 ]
[ 1, 960 , 5962 ]
[ 3, 994 , 6056 ]
[ 2, 976 , 8924 ]
[ 0, 991 , 7314 ]
[ 1, 961 , 5958 ]
[ 3, 995 , 6049 ]
[ 2, 977 , 8929 ]
[ 0, 992 , 7310 ]
[ 1, 962 , 5964 ]
[ 3, 996 , 6054 ]
[ 2, 978 , 8925 ]
[ 0, 993 , 7315 ]
[ 1, 963 , 5960 ]
[ 3, 997 , 6048 ]
[ 0, 994 , 7313 ]
[ 2, 979 , 8930 ]
[ 1, 964 , 5962 ]
[ 3, 998 , 6058 ]
[ 0, 995 , 7314 ]
[ 2, 980 , 8923 ]
[ 1, 965 , 5958 ]
[ 3, 999 , 6048 ]
[ 2, 981 , 8933 ]
[ 0, 996 , 7310 ]
[ 1, 966 , 5964 ]
[ 2, 982 , 8922 ]
[ 0, 997 , 7315 ]
[ 2, 983 , 8931 ]
[ 1, 967 , 5960 ]
[ 2, 984 , 8925 ]
[ 0, 998 , 7313 ]
[ 1, 968 , 5962 ]
[ 2, 985 , 8930 ]
[ 2, 986 , 8923 ]
[ 0, 999 , 7314 ]
[ 1, 969 , 5958 ]
[ 2, 987 , 8931 ]
[ 1, 970 , 5964 ]
[ 2, 988 , 8924 ]
[ 1, 971 , 5960 ]
[ 2, 989 , 8931 ]
[ 1, 972 , 5962 ]
[ 2, 990 , 8923 ]
[ 1, 973 , 5958 ]
[ 2, 991 , 8932 ]
[ 1, 974 , 5964 ]
[ 2, 992 , 8923 ]
[ 1, 975 , 5960 ]
[ 2, 993 , 8931 ]
[ 1, 976 , 5962 ]
[ 1, 977 , 5958 ]
[ 2, 994 , 8924 ]
[ 1, 978 , 5964 ]
[ 2, 995 , 8929 ]
[ 1, 979 , 5960 ]
[ 2, 996 , 8925 ]
[ 1, 980 , 5962 ]
[ 2, 997 , 8932 ]
[ 1, 981 , 5958 ]
[ 2, 998 , 8921 ]
[ 1, 982 , 5964 ]
[ 2, 999 , 8933 ]
[ 1, 983 , 5960 ]
[ 1, 984 , 5962 ]
[ 1, 985 , 5958 ]
[ 1, 986 , 5964 ]
[ 1, 987 , 5960 ]
[ 1, 988 , 5962 ]
[ 1, 989 , 5958 ]
[ 1, 990 , 5964 ]
[ 1, 991 , 5960 ]
[ 1, 992 , 5962 ]
[ 1, 993 , 5958 ]
[ 1, 994 , 5964 ]
[ 1, 995 , 5960 ]
[ 1, 996 , 5962 ]
[ 1, 997 , 5958 ]
[ 1, 998 , 5964 ]
[ 1, 999 , 5960 ]
